698 1306
0 1291.1 1077.11
1 613.676 1157.97
2 430.093 180.904
3 453.241 832.616
4 1084.83 1096.83
5 981.33 901.545
6 1067.62 614.39
7 189.848 484.509
8 600.12 596.268
9 107.173 832.457
10 170.691 1180.51
11 1292.39 1079.43
12 311.024 332.688
13 657.439 768.26
14 752.645 256.529
15 279.712 78.4169
16 1172.95 244.988
17 281.878 1147.56
18 264.114 959.165
19 818.458 118.832
20 635.159 960.136
21 450.439 755.669
22 80.4513 332.125
23 568.72 42.8286
24 462.64 1116.56
25 876.45 800.414
26 736.155 129.369
27 151.436 1126.11
28 124.789 244.073
29 950.794 1230.63
30 1160.66 688.467
31 735.636 690.652
32 11.9757 709.949
33 583.997 203.651
34 596.995 227.888
35 211.218 408.448
36 922.01 543.472
37 1173.37 78.1608
38 78.5426 383.256
39 1024.18 562.739
40 23.1102 1152.35
41 284.661 71.1139
42 992.872 813.294
43 285.593 924.13
44 29.4977 1039.26
45 232.972 1162.71
46 235.035 112.356
47 1136.14 1264.85
48 563.322 651.201
49 1284.07 935.849
50 1006.59 736.477
51 491.508 1042.48
52 1030.45 1053.68
53 1204.36 42.1538
54 803.137 217.695
55 1258.22 1089.81
56 728.286 1090.42
57 462.373 807.017
58 1163 279.37
59 1273.99 1039.05
60 1042.96 1103.89
61 619.017 236.604
62 90.652 241.568
63 505.334 299.692
64 548.917 438.35
65 143.123 228.899
66 1112.24 675.754
67 82.7079 1158.03
68 536.947 627.237
69 103.287 104.574
70 306.128 100.524
71 649.089 145.683
72 164.748 560.993
73 17.5051 588.802
74 449.971 10.5691
75 238.166 568.277
76 924.752 1241.09
77 1161.83 172.54
78 389.176 994.377
79 1219.99 1235.81
80 7.27502 112.228
81 287.217 248.27
82 90.8067 455.441
83 464.88 1015.74
84 1104.51 711.862
85 553.779 300.906
86 1029.98 6.21064
87 552.791 624.269
88 913.567 728.908
89 798.724 915.656
90 688.637 1172.37
91 264.184 1025.97
92 603.921 1281.28
93 352.728 1150.46
94 412.031 1197.31
95 519.176 957.383
96 527.791 1087.19
97 353.831 147.637
98 945.235 93.4029
99 923.32 860.742
100 34.6793 1195.11
101 1154.09 69.167
102 1027.35 12.3119
103 803.309 158.965
104 909.355 700.965
105 364.74 548.517
106 1204.58 80.7459
107 187.1 580.172
108 1274.32 741.453
109 1134.75 1008.08
110 1191.15 174.768
111 130.565 732.29
112 760.053 1029.99
113 364.316 809.078
114 670.474 53.1754
115 994.612 944.425
116 1250.72 244.695
117 436.437 940.978
118 832.084 953.226
119 146.388 451.203
120 34.3649 401.751
121 258.675 548.908
122 227.091 1225.71
123 872.147 271.95
124 1150.27 1041.17
125 111.357 1008.4
126 678.432 1180.05
127 572.485 500.529
128 330.858 232.307
129 764.37 847.781
130 1039.34 966.198
131 308.983 171.279
132 77.397 535.68
133 177.47 541.769
134 145.14 653.139
135 103.555 223.966
136 171.608 817.138
137 997.843 894.021
138 135.487 1157.86
139 1069.45 201.676
140 1228.41 527.846
141 1015 1002.19
142 518.643 153.584
143 1154.61 955.012
144 257.386 999.638
145 769.068 197.99
146 527.68 48.6874
147 899.016 195.77
148 223.811 351.63
149 738.114 957.943
150 103.722 357.023
151 1142.3 748.887
152 288.568 56.6259
153 92.3175 711.734
154 967.366 51.0309
155 975.773 695.543
156 851.344 857.358
157 1050.76 352.47
158 805.206 77.5708
159 69.7252 862.937
160 472.877 916.986
161 691.124 126.251
162 25.2974 487.257
163 1041.69 875.53
164 5.3964 878.412
165 424.553 493.739
166 548.732 69.8956
167 365.327 819.648
168 63.8348 142.888
169 215.26 320.373
170 460.215 680.719
171 506.151 27.5351
172 522.372 946.083
173 882.37 1314.39
174 1168.07 1013.58
175 265.357 616.016
176 128.726 1048.41
177 936.622 122.857
178 862.287 736.452
179 1203.78 236.637
180 790.745 91.8806
181 249.331 481.2
182 289.028 515.041
183 345.824 694.376
184 1173.7 830.35
185 1082.4 411.473
186 1293.95 348.565
187 234.322 810.465
188 1095.6 677.773
189 574.989 1310.96
190 171.496 10.3479
191 1054.49 451.529
192 977.425 1250.92
193 522.632 165.268
194 461.041 277.045
195 690.217 1265.32
196 859.054 855.22
197 980.062 861.537
198 54.2747 825.71
199 352.407 76.9539
200 407.138 239.632
201 467.952 463.927
202 54.2627 760.904
203 334.388 483.388
204 1123.57 209.523
205 282.264 550.608
206 257.932 1019.21
207 1240.09 132.643
208 214.085 489.77
209 1282.24 879.625
210 522.139 205.686
211 958.662 352.815
212 612.495 397.923
213 895.473 774.858
214 92.7682 755.545
215 0.564692 444.173
216 198.92 942.234
217 1189.28 1316.59
218 925.78 250.766
219 1167.17 88.6264
220 1162.49 1015.03
221 1051.83 778.966
222 1051.04 733.196
223 670.292 361.063
224 1034.33 1051.75
225 948.486 286.712
226 396.111 967.318
227 1010.05 797.999
228 402.895 1034.55
229 383.604 1153.63
230 420.538 193.736
231 1107.89 284.507
232 1312.09 213.118
233 1282.03 875.386
234 452.218 1083.54
235 64.977 598.412
236 786.19 878.819
237 318.204 1050.6
238 936.409 772.069
239 1170.61 478.93
240 20.5285 71.3287
241 486.551 694.929
242 1318.68 1217.24
243 60.4608 362.678
244 1098.18 523.606
245 501.351 31.5616
246 960.708 59.5419
247 287.435 332.888
248 365.81 986.629
249 8.06668 274.729
250 688.677 929.756
251 1089.84 621.174
252 684.965 443.11
253 357.094 1090.64
254 234.342 550.558
255 1127.72 1000.7
256 1190.59 1240.48
257 524.982 626.167
258 628.014 936.833
259 488.224 672.412
260 929.838 403.628
261 759.685 1198.81
262 755.1 317.464
263 768.167 599.071
264 1049.04 1293.74
265 7.48561 895.529
266 584.352 706.027
267 854.43 1307.18
268 636.414 1013.06
269 91.721 795.282
270 587.353 1100.59
271 180.383 703.534
272 395.224 298.289
273 1264.57 435.058
274 507.874 1076.06
275 898.912 900.126
276 991.778 272.603
277 994.443 846.979
278 1229.69 37.5122
279 598.066 1201.88
280 972.656 733.715
281 616.302 660.803
282 1269.7 573.696
283 835.786 1022.77
284 372.463 362.913
285 157.091 116.922
286 85.5823 629.057
287 386.672 652.21
288 1263.55 1056.28
289 63.3941 743.849
290 115.47 695.874
291 215.843 79.7865
292 820.91 1253.16
293 520.435 502.58
294 442.57 894.196
295 542.836 809.366
296 452.606 1103.82
297 1195.24 106.142
298 866.419 870.573
299 672.708 123.816
300 364.573 714.399
301 752.7 127.498
302 421.069 1254.47
303 1242.97 1206.16
304 16.9382 416.892
305 1244.22 643.204
306 915.789 862.801
307 1269.1 1110.94
308 260.581 642.331
309 1284.68 660.269
310 745.728 644.679
311 1297.32 388.786
312 143.063 337.044
313 410.182 125.175
314 100.966 1269.88
315 523.822 221.447
316 489.741 1311.96
317 292.19 836.245
318 693.886 811.392
319 868.181 1275.22
320 929.818 177.807
321 793.554 160.892
322 713.234 658.656
323 1024.51 1123.54
324 390.436 842.554
325 1095.08 840.169
326 195.246 542.848
327 333.67 299.648
328 616.335 275.033
329 259.211 1185.92
330 82.8114 690.677
331 732.882 899.199
332 891.817 342.931
333 813.202 681.9
334 1159.58 1015.22
335 931.166 134.391
336 441.207 189.453
337 912.641 793.889
338 72.8427 287.223
339 898.146 1130.84
340 965.218 1320.34
341 305.061 954.891
342 802.256 3.99076
343 457.897 730.314
344 876.562 697.527
345 184.864 837.924
346 576.478 880.082
347 1233.48 530.129
348 847.773 1243.27
349 324.068 351.053
350 872.139 639.897
351 96.4619 809.067
352 1135.42 335.579
353 195.04 567.768
354 720.325 140.481
355 136.154 623.152
356 953.501 536.812
357 1221.27 284.754
358 300.239 547.392
359 1059.02 395.872
360 929.685 774.162
361 1248.01 1230.46
362 382.959 15.1813
363 346.147 544.626
364 689.592 41.9198
365 949.539 329.084
366 239.054 1243.74
367 1039.78 465.815
368 371.194 35.8167
369 765.702 775.483
370 77.0726 254.836
371 379.017 474.539
372 627.926 49.8045
373 430.2 650.173
374 602.268 860.033
375 543.236 36.382
376 786.45 419.648
377 534.816 213.588
378 125.54 134.165
379 231.481 1069.87
380 556.013 745.594
381 860.582 794.172
382 1240.99 1251.85
383 1006.47 938.291
384 1145.69 584.357
385 1180.32 1315.18
386 140.734 1122.28
387 1037.9 961.902
388 1020.36 1019.48
389 1065.59 698.284
390 886.532 800.258
391 648.503 174.693
392 1151.26 831.386
393 119.564 1262.57
394 10.5019 249.261
395 64.4075 916.082
396 546.629 822.932
397 100.787 680.227
398 826.675 1007.38
399 339.041 272.856
400 777.004 613.221
401 47.5344 64.5268
402 913.24 1017.21
403 728.763 1255.12
404 919.31 131.946
405 753.533 61.7133
406 802.765 818.403
407 236.33 241.302
408 472.163 660.335
409 682.681 1068.05
410 671.087 93.9814
411 445.25 1040.21
412 400.759 378.637
413 1063.73 659.795
414 199.427 156.258
415 6.12392 987.86
416 347.463 411.428
417 274.733 39.733
418 852.922 725.443
419 602.045 1285.4
420 705.653 954.107
421 723.389 468.094
422 407.865 469.47
423 19.0087 295.854
424 74.3912 1283.89
425 962.686 925.731
426 54.2198 837.317
427 10.5788 291.466
428 847.781 1194.09
429 423.155 1192.94
430 663.096 153.51
431 40.1678 578.488
432 706.839 239.4
433 580.246 1126.04
434 472.527 1044.27
435 168.494 393.408
436 1103.41 773.527
437 572.011 333.465
438 139.996 214.649
439 691.034 1086.1
440 236.168 517.589
441 856.267 259.146
442 840.891 715.721
443 194.364 392.068
444 117.686 467.377
445 264.727 7.11282
446 693.658 1258.03
447 756.954 525.869
448 5.1414 740.615
449 1122.84 1289.21
450 276.247 288.153
451 876.175 18.449
452 425.688 934.405
453 679.132 877.086
454 100.077 781.192
455 942.659 352.729
456 363.343 930.866
457 1125.54 734.812
458 689.711 580.187
459 1031.8 722.708
460 613.809 306.625
461 207.387 489.308
462 433.126 388.614
463 407.991 611.473
464 952.786 712.158
465 254.46 77.1033
466 760.122 1120.39
467 184.407 781.577
468 213.641 75.5716
469 508.112 575.541
470 1132.65 1039.27
471 950.835 1189.23
472 1228.42 1030.98
473 994.257 762.527
474 858.777 907.594
475 298.896 252.276
476 1154.48 462.64
477 1311.99 1243.37
478 1031.41 533.953
479 1061.75 459.747
480 347.118 747.03
481 367.219 334.995
482 385.147 381.934
483 661.913 55.3116
484 599.541 1057.92
485 1034.92 50.5194
486 201.201 1267.61
487 232.589 1106.06
488 1128 183.957
489 21.4868 6.62172
490 1104.89 370.794
491 204.667 40.2565
492 1055.49 819.453
493 585.794 321.668
494 358.214 650.123
495 170.776 926.445
496 574.636 1297.69
497 835.667 1258.58
498 35.9632 859.898
499 1024.5 392.929
500 516.728 666.417
501 756.143 288.502
502 839.574 1129.58
503 510.653 621.569
504 350.828 1257.32
505 729.462 1274.11
506 1054.35 173.743
507 171.412 551.071
508 867.817 944.643
509 70.4778 290.517
510 1299.86 418.788
511 520.31 564.519
512 87.7632 1107.33
513 1010.92 789.123
514 1318.43 896.349
515 1073.63 690.782
516 486.411 383.222
517 1309.23 1224.48
518 0.92301 670.718
519 102.704 1175.17
520 588.947 720.874
521 217.144 332.376
522 956.805 731.743
523 270.263 1186.57
524 48.5603 1107.94
525 744.535 246.623
526 971.055 222.544
527 809.92 1278.27
528 854.676 329.158
529 852.632 301.113
530 1150.81 582.062
531 819.411 789.73
532 704.281 769.717
533 101.482 19.271
534 390.412 15.7287
535 89.7371 211.653
536 762.677 290.35
537 1143.61 349.385
538 1001.34 893.058
539 361.225 1045.14
540 464.902 680.612
541 391.286 611.667
542 917.163 384.276
543 1100.22 965.583
544 504.93 638.743
545 863.3 59.8782
546 1032.18 783.39
547 243.343 155.379
548 1091.87 136.818
549 70.8343 1142.91
550 225.592 265.656
551 722.469 965.226
552 460.926 1062.33
553 299.324 543.676
554 414.049 874.033
555 784.097 1269.88
556 681.537 841.513
557 1005.69 845.473
558 196.999 271.91
559 1079.25 571.271
560 864.04 255.937
561 471.778 1208.35
562 281.392 760.787
563 76.2425 1135.68
564 853.295 1237.15
565 25.5639 1239.08
566 1055.62 1169.39
567 20.07 1277.11
568 627.687 1059.31
569 463.026 444.745
570 173.219 4.62865
571 381.259 179.006
572 1121.39 195.928
573 558.378 551.023
574 1196.58 898.195
575 436.585 1080.91
576 408.219 719.772
577 176.723 1231.94
578 975.554 424.016
579 649.048 1299.32
580 1167.22 1114.35
581 70.3892 1300.18
582 252.196 217.333
583 20.6393 737.254
584 1194.62 213.22
585 247.342 1135.1
586 53.9908 565.756
587 181.602 1266.46
588 707.574 1247.92
589 839.072 284.311
590 902.608 15.573
591 1033.65 1264.78
592 279.126 913.352
593 73.4391 429.516
594 888.194 1000.78
595 1025.66 311.766
596 595.699 714.405
597 1301.42 230.346
598 420.774 142.137
599 1056.4 111.609
600 114.205 627.971
601 234.174 827.22
602 309.433 690.764
603 658.986 48.5537
604 172.27 782.077
605 65.853 817.529
606 1155.61 243.311
607 1181.83 822.098
608 1080 160.312
609 22.6081 1111.85
610 269.973 1056.11
611 1037.78 167.639
612 669.754 1290.52
613 1009.17 502.103
614 1097.74 476.308
615 656.706 1130.83
616 867.565 371.896
617 706.552 173.673
618 1191.19 1133.97
619 498.056 373.531
620 188.225 838.829
621 271.567 265.622
622 150.852 131.924
623 324.098 273.296
624 194.243 869.008
625 244.778 1165.68
626 977.167 1178.4
627 59.0565 652.315
628 177.31 1193.4
629 1174.66 1060.03
630 547.255 514.71
631 624.804 9.50863
632 759.846 103.97
633 102.263 1168.26
634 876.239 142.361
635 272.942 581.608
636 949.054 1160.03
637 829.088 1057.56
638 327.368 1319.02
639 866.535 605.819
640 759.368 1271.67
641 1308.44 1288.71
642 655.654 1297.31
643 1209.02 639.746
644 594.82 1313.97
645 218.816 637.993
646 944.316 797.465
647 509.454 113.488
648 526.73 865.966
649 341.704 326.059
650 1139.72 390.038
651 988.917 212.92
652 303.966 318.678
653 1264.31 299.663
654 369.087 593.018
655 1118.13 710.631
656 839.423 995.957
657 872.494 54.6371
658 258.138 193.188
659 462.044 909.117
660 762.564 322.971
661 223.619 1033.85
662 1163.9 1179.22
663 562.209 247.455
664 1.01597 769.722
665 930.226 331.041
666 1267.48 900.441
667 876.215 425.949
668 360.682 1125.31
669 880.26 612.199
670 133.355 744.361
671 925.915 996.359
672 274.571 626.605
673 1155.31 542.581
674 884.61 1292.28
675 811.315 587.639
676 463.749 1104.48
677 1003.48 1011.65
678 358.912 400.019
679 359.453 420.172
680 663.585 346.559
681 270.798 1316.72
682 545.458 648.147
683 302.16 1270.06
684 145.512 1104.6
685 1262.96 960.03
686 199.353 756.986
687 1245.44 241.794
688 1297.53 845.693
689 1049.4 853.496
690 524.618 339.965
691 1074.73 1079.16
692 14.3994 1303.37
693 738.631 1121.41
694 1101.05 961.967
695 594.587 972.896
696 1246.09 858.109
697 792.069 629.3
0 11 4.61547
0 55 41.6115
0 59 81.9963
0 288 55.9659
0 307 62.779
1 126 133.234
1 279 59.0142
1 433 66.6137
1 615 88.2756
2 230 19.5114
2 313 79.1594
2 336 18.91
2 571 88.4952
2 598 65.1787
3 57 38.6979
3 294 64.4138
3 554 89.4305
4 60 44.4165
4 323 122.843
4 566 100.471
4 691 21.1692
5 115 70.1561
5 137 28.2857
5 425 32.9015
5 538 36.6551
6 251 27.6159
6 413 59.0952
6 559 75.5114
7 119 101.731
7 208 28.2038
7 461 31.0161
8 48 82.1898
8 87 81.7564
8 573 63.1257
9 269 46.8174
9 351 33.7999
9 605 44.8028
10 138 55.409
10 577 61.5889
10 628 28.5107
11 55 43.8495
11 59 82.3684
11 288 49.8226
11 307 39.2706
12 247 36.0967
12 349 32.2084
12 652 16.0779
13 318 75.0572
13 532 81.2672
13 556 132.621
14 432 73.1474
14 501 61.9841
14 525 15.8002
14 536 52.1318
15 41 11.9427
15 70 58.8099
15 152 33.5547
15 465 36.3126
16 58 68.0866
16 179 45.8747
16 584 75.9736
16 606 29.048
17 523 76.796
17 585 51.569
17 625 69.9336
18 43 75.9857
18 144 60.9158
18 216 111.766
18 341 42.1858
18 592 58.6163
19 103 61.3436
19 158 76.8085
19 180 46.8995
19 321 59.1467
20 258 41.7739
20 268 56.8
20 695 81.5858
21 57 62.8177
21 343 45.6181
21 576 97.0618
22 150 61.0103
22 243 49.5565
22 312 96.7439
22 338 49.9802
22 509 75.7905
23 146 74.4418
23 166 37.1163
23 375 51.9267
23 372 59.6153
24 234 47.0931
24 296 29.245
24 676 16.6354
25 213 58.0102
25 381 33.3819
25 390 11.6941
26 301 19.5039
26 354 22.8486
26 632 67.4318
27 138 60.0719
27 386 16.0053
27 684 23.1965
28 65 36.8446
28 135 43.7682
28 438 49.2381
29 76 51.2956
29 192 54.1263
29 471 49.4572
29 626 61.6805
30 66 70.2625
30 457 96.8386
30 643 94.9369
30 655 73.0866
31 310 84.0997
31 322 70.3392
31 333 84.9462
32 448 34.2082
32 518 72.2181
32 583 53.6754
33 34 28.8688
33 61 83.6873
33 663 67.2861
34 61 33.7599
34 328 84.299
34 663 71.6667
35 148 104.562
35 435 50.7238
35 443 33.9176
36 356 32.3629
36 639 97.1618
36 669 114.288
37 53 63.1176
37 101 39.4757
37 106 46.6114
37 219 20.0332
37 278 124.088
37 297 35.5602
38 120 56.7859
38 150 57.9943
38 243 45.8363
38 593 54.5538
39 356 129.341
39 478 30.1173
39 559 78.477
39 613 124.808
40 100 48.0464
40 549 74.2849
40 609 50.3479
41 70 72.3546
41 152 17.1739
41 417 33.3725
41 445 102.528
41 465 41.0525
42 227 27.7417
42 277 49.8403
42 513 32.7213
42 557 62.4078
43 341 71.2729
43 592 15.4389
44 125 100.81
44 415 74.2914
44 524 80.5919
44 609 109.98
45 329 59.042
45 487 85.4373
45 585 37.791
45 625 23.678
46 291 48.0151
46 414 103.958
46 465 66.7364
46 468 51.2479
46 547 47.5958
47 217 137.329
47 256 93.7705
47 385 122.814
47 449 30.7265
48 68 59.8106
48 87 37.5708
48 281 92.5389
48 682 20.6481
49 514 94.4686
49 666 73.5649
49 685 49.3682
50 222 54.9135
50 280 51.3751
50 459 42.025
50 473 29.6744
51 83 70.1873
51 96 93.6031
51 274 55.9354
51 434 30.8362
51 552 52.7767
52 224 8.01961
52 388 64.8138
52 677 65.1226
53 106 71.1477
53 278 33.0269
54 103 65.9583
54 145 66.0289
54 321 73.0706
55 288 41.5887
55 307 26.4263
56 112 124.997
56 409 91.5379
56 439 50.4531
56 466 70.2398
56 693 48.5236
57 343 133.993
58 231 77.5748
58 606 44.8373
59 288 36.3908
59 472 85.1854
60 323 51.1908
60 566 129.859
60 691 74.2363
61 328 51.2133
62 135 34.144
62 370 34.8403
62 535 44.9186
63 85 88.3375
63 194 90.2482
63 690 82.7291
64 127 96.8442
64 212 121.928
64 293 91.6785
65 135 60.4214
65 438 20.7488
66 84 66.5492
66 188 28.3403
66 655 53.6345
67 100 89.1872
67 519 37.8115
67 549 21.1364
67 563 26.9724
67 633 42.3234
68 87 27.4261
68 257 14.8597
68 503 46.1243
68 682 36.9952
69 168 86.5521
69 285 80.3138
69 378 60.0456
69 622 91.3817
70 152 50.2266
70 199 64.4501
71 299 38.3671
71 391 47.9137
71 430 30.3965
72 107 56.5425
72 133 25.4355
72 507 12.1876
73 235 59.7472
73 431 29.3223
73 586 66.4476
74 171 95.6297
74 245 72.2071
74 362 120.865
74 534 78.7281
75 121 51.5333
75 254 33.8435
75 635 46.6403
76 192 97.7074
76 471 111.006
77 110 49.9054
77 488 60.5069
77 572 92.7627
78 226 47.8514
78 228 59.5685
78 248 24.9681
79 256 46.764
79 303 66.2205
79 361 37.7905
79 382 42.8391
80 168 118.529
80 240 47.2503
80 401 84.1356
81 450 56.205
81 475 16.17
81 582 86.1129
81 621 40.8964
82 119 90.375
82 444 47.353
82 593 42.2059
83 411 52.3136
83 434 53.4258
84 188 63.0457
84 457 37.8298
84 655 26.8918
85 437 39.2038
85 493 56.7606
86 102 12.5332
86 154 140.696
86 485 54.5748
87 257 46.4113
87 682 34.8782
88 104 39.2697
88 464 67.1368
88 522 48.0573
89 118 67.4961
89 236 65.3878
89 474 104.186
90 126 14.5491
90 615 103.545
90 693 88.0366
91 144 36.1602
91 206 16.9057
91 610 43.1391
91 661 72.8519
92 279 96.1984
92 419 6.50259
92 496 59.0748
92 579 52.7062
92 644 58.3829
93 229 33.6026
93 253 79.3443
93 668 38.1707
94 229 58.9822
94 302 68.8842
94 429 16.954
94 561 81.6729
95 160 104.259
95 172 15.6469
95 659 128.088
96 270 86.7028
96 274 40.1068
96 433 76.8286
97 131 99.0555
97 313 109.009
97 571 78.4699
98 154 74.7815
98 177 52.3226
98 246 41.9386
98 335 66.0097
99 197 65.9562
99 275 66.3552
99 306 13.4596
100 565 88.2663
101 106 73.3405
101 219 31.0347
102 154 92.6325
102 485 73.0018
103 145 67.7521
103 321 16.7357
104 344 58.6268
104 464 81.0617
105 358 117.738
105 363 32.2462
105 654 76.5234
106 207 65.7199
106 219 38.7682
106 278 99.8935
106 297 44.4163
107 353 22.6453
107 507 41.1945
108 305 116.436
108 309 134.476
108 688 198.428
109 220 28.7482
109 255 16.1609
109 334 32.8497
109 470 34.1818
109 543 73.3698
110 179 87.2317
110 207 89.0456
110 584 66.8986
111 153 70.6479
111 271 99.8308
111 290 68.4855
111 670 13.257
112 398 96.2573
112 637 140.4
113 167 18.2088
113 324 72.8958
113 480 91.1452
114 364 36.8007
114 483 14.7192
114 603 12.4911
115 383 16.4098
115 425 58.0026
116 179 71.8331
116 232 89.8418
116 357 57.4902
116 597 75.2066
116 653 67.5564
116 687 7.30662
117 160 46.408
117 452 19.3297
117 659 51.808
118 508 47.2396
118 656 46.9104
119 444 35.4437
120 215 104.855
120 243 61.8105
120 304 26.4159
120 593 79.3328
121 205 37.1004
121 254 27.9965
121 440 62.951
121 635 68.0254
122 366 32.6823
122 486 84.1977
122 577 65.2866
122 587 90.7279
123 218 99.1239
123 441 23.1913
123 529 37.4997
123 560 24.5073
123 589 52.2843
124 174 50.8015
124 220 56.0499
124 334 39.1836
124 470 30.4189
124 629 54.3179
125 176 75.1446
125 495 106.304
126 615 69.7745
127 293 66.4447
127 573 56.9832
127 630 42.6592
128 131 103.179
128 399 61.6657
128 475 43.9512
128 623 76.1797
129 236 66.59
129 331 79.0387
129 406 74.0588
130 141 68.6151
130 383 57.6129
130 387 6.16065
131 658 56.6428
132 162 79.4684
132 235 119.835
132 431 100.004
132 586 71.8931
133 326 19.8559
133 507 11.8812
134 271 99.0426
134 355 45.3049
134 397 100.258
134 600 75.2039
135 438 71.1129
135 535 30.9111
136 345 46.7771
136 467 42.9691
136 604 61.9013
136 620 32.0367
136 624 103.782
137 197 64.2318
137 538 5.12378
138 386 37.7112
138 519 73.4172
138 628 96.2807
138 633 40.6096
138 684 56.7056
139 506 57.164
139 608 77.3407
139 611 83.1783
140 282 109.736
140 347 7.59241
140 673 75.6632
141 387 72.4762
141 388 36.1652
141 677 16.0962
142 193 13.6701
142 210 78.1578
142 647 68.4458
143 255 92.3826
143 543 66.6882
143 574 79.3049
143 694 64.9916
144 206 30.9978
145 321 60.4122
146 166 53.2785
146 171 56.9591
146 245 54.8339
146 375 31.7468
147 218 72.9278
147 320 44.565
147 634 101.967
148 169 59.9026
148 443 98.8898
148 521 30.1369
149 250 104.634
149 420 52.3644
149 551 19.4181
150 243 80.5701
150 312 79.678
151 436 64.0508
151 457 28.2007
151 655 50.5147
152 199 82.9338
152 417 28.0806
152 445 94.2901
153 289 82.8839
153 290 40.2405
153 330 39.3402
153 397 50.7254
154 246 19.2164
154 485 120.69
155 280 38.7041
155 464 35.4056
155 522 61.3863
156 196 12.1519
156 298 34.2034
156 474 85.2722
157 359 53.5331
157 499 68.7636
157 595 71.5182
158 180 35.8243
158 342 132.772
158 405 64.0147
158 632 69.8704
159 198 66.3256
159 395 90.4672
159 426 52.6087
159 498 34.2411
160 172 99.5578
160 294 58.2201
160 659 15.8811
161 299 24.7787
161 354 63.9315
161 410 50.9585
161 617 91.038
162 215 68.9728
162 304 82.9691
163 538 77.7846
163 557 88.8442
163 689 27.7053
164 265 27.4784
164 426 86.5347
164 498 61.4792
165 201 94.3194
165 371 65.7785
165 422 45.3615
165 569 70.6387
166 375 59.2477
166 647 88.243
167 317 77.0369
167 324 34.2875
167 554 104.382
168 378 111.489
169 521 14.3937
169 558 63.677
170 241 42.8847
170 259 48.0106
170 343 83.3119
170 373 54.4339
170 408 28.218
170 540 5.96435
171 245 12.1512
171 375 66.8931
172 659 117.37
173 267 36.0584
173 319 42.5366
173 340 141.333
173 674 34.962
174 220 7.14031
174 334 13.1791
175 308 30.4001
175 635 60.5192
175 645 78.6514
175 672 22.9954
176 512 87.4071
176 684 78.1312
177 246 105.541
177 335 21.1779
177 404 34.2659
178 344 47.795
178 418 16.0585
178 442 32.8563
179 584 27.3023
179 687 49.2497
180 405 68.3894
180 632 58.1384
181 208 53.1826
181 440 74.1517
181 461 55.4321
182 203 63.3964
182 205 38.2809
182 358 58.0739
182 553 33.8696
183 300 42.7973
183 480 89.2601
183 494 88.2459
183 602 55.3354
184 392 30.7304
184 574 100.973
184 607 14.9123
185 191 83.947
185 359 51.1174
185 490 84.4652
186 273 109.172
186 311 54.2314
186 510 75.3848
186 653 72.0415
187 317 125.1
187 345 106.121
187 562 113.826
187 601 18.4973
187 620 98.1955
188 389 42.0831
188 413 67.6496
188 515 40.1548
189 316 168.886
189 419 67.3769
189 496 19.5197
189 644 31.5549
190 491 74.8418
190 533 131.506
190 570 11.808
191 367 22.4233
191 479 20.7341
191 614 90.2526
192 264 100.924
192 340 132.961
192 591 105.009
193 210 48.1142
193 377 72.0066
193 647 59.516
194 200 130.959
194 272 78.403
195 446 10.7389
195 588 28.7569
195 612 47.5954
195 642 63.4729
196 298 22.4131
196 474 77.0557
197 277 26.1776
197 538 75.7936
197 557 31.9458
198 426 18.1291
198 498 44.4288
198 605 21.2167
199 368 86.2697
200 230 49.248
200 272 78.3079
200 336 62.9091
201 422 83.2105
201 569 36.9241
202 214 75.3464
202 289 27.9407
202 583 57.3866
202 664 97.5158
203 363 94.0876
203 371 89.5723
204 488 46.6428
204 572 27.1205
204 606 87.6437
205 358 22.4072
205 553 26.1176
205 635 34.4575
206 610 41.4908
206 661 44.0739
207 297 99.8597
208 440 59.0267
208 461 7.46188
209 233 7.17306
209 514 44.1681
209 666 44.5594
209 688 70.693
209 696 43.8748
210 315 28.5241
210 377 15.6407
211 365 38.8072
211 455 29.1086
211 665 40.4253
212 223 132.447
212 252 148.453
212 680 118.919
213 337 41.2287
213 381 68.7378
213 390 46.4239
214 289 37.9277
214 454 47.9787
214 670 75.1518
215 304 35.1353
216 495 50.6711
216 624 124.101
217 385 12.5356
217 449 128.668
218 225 49.2523
218 526 63.0618
219 297 52.3487
220 255 54.3802
220 334 3.38511
220 629 69.0335
221 436 66.8735
221 492 52.8791
221 513 84.2334
221 546 38.1364
222 389 56.5354
222 459 35.8674
223 252 109.756
223 460 137.409
223 680 25.5215
224 388 35.2698
224 691 80.9248
225 276 48.9631
225 365 80.4514
226 248 61.0739
226 452 72.6735
226 456 62.4421
227 513 11.392
227 546 48.0798
228 411 84.092
228 539 85.6374
229 429 96.5738
229 668 61.4968
230 336 26.223
230 571 71.0079
231 352 79.6543
231 606 106.937
232 597 37.4591
232 687 130.284
233 514 73.8966
233 666 40.4512
233 688 40.5071
233 696 77.4324
234 296 28.2243
234 552 31.1385
234 575 17.7688
234 676 35.5955
235 286 53.5688
235 431 40.7597
235 586 35.8175
236 331 79.3932
237 253 92.7857
237 539 78.3293
237 610 59.0039
238 337 63.4361
238 360 12.2207
238 646 28.1117
239 476 27.6488
239 614 74.0829
239 673 110.517
240 401 31.4806
240 489 127.261
241 259 44.2508
241 343 85.2246
241 540 44.5918
242 361 112.684
242 477 38.593
242 517 21.7122
242 641 138.162
244 559 76.6392
244 614 92.9193
244 673 83.4806
245 375 65.8895
247 349 62.8581
247 652 25.0208
248 456 82.6771
249 394 50.2758
249 423 25.6316
249 427 18.6889
250 258 114.61
250 331 61.1275
250 420 35.9203
250 453 77.1391
250 551 89.6887
251 384 130.458
251 413 69.3261
251 559 56.9331
252 421 70.0438
253 539 59.0719
253 668 38.271
254 440 50.4513
254 326 39.8497
255 334 53.4661
255 543 64.5152
255 694 47.958
256 361 95.806
256 382 56.8989
256 662 126.876
257 469 91.9111
257 503 20.8764
257 544 32.4997
258 695 85.7872
259 408 25.9958
259 500 38.5387
259 540 48.1958
260 455 100.349
260 542 33.0864
260 578 80.3348
260 667 69.296
261 403 71.8573
261 588 130.65
261 640 89.9027
262 501 50.7502
262 536 39.0657
262 660 13.1538
263 400 28.0991
263 447 143.645
263 458 119.807
263 675 59.6817
263 697 46.843
264 449 104.957
264 591 40.5058
265 395 73.4718
265 415 99.0918
265 498 76.6543
266 281 80.0723
266 380 72.5127
266 520 26.0129
266 596 17.715
267 319 48.5562
267 674 39.7991
268 484 89.6444
268 568 92.7777
268 695 82.7566
269 351 24.5035
269 454 19.778
269 605 44.9489
270 433 31.1355
270 484 85.7469
270 568 68.3242
271 686 74.984
272 481 47.5618
272 649 113.952
273 311 76.8694
273 510 39.112
274 434 88.2947
275 298 56.0806
275 306 47.1403
275 474 68.3578
275 508 95.3292
276 526 56.4833
276 595 95.1826
276 651 82.5261
277 557 21.8213
279 433 119.556
280 464 33.9571
280 473 54.14
280 522 26.4279
281 596 75.3884
282 305 122.536
282 347 58.0191
283 398 19.3655
283 637 38.2224
283 656 36.9154
284 412 63.8281
284 481 44.7484
284 482 36.0031
285 378 67.632
285 622 21.6411
286 355 56.4214
286 600 33.8386
286 627 51.767
287 373 43.6858
287 494 55.8678
287 541 72.0072
288 472 75.4956
290 330 39.0975
290 397 23.7203
291 465 65.3105
291 468 6.90899
291 491 63.4022
292 348 42.4212
292 428 69.599
292 497 28.3802
292 527 46.6329
292 555 56.1648
292 564 66.7217
293 573 96.6675
293 630 52.6543
294 452 65.549
294 554 50.369
294 659 36.148
295 380 90.5243
295 396 15.7935
295 648 115.192
296 575 38.7414
296 676 17.6623
298 306 61.0077
298 474 53.2782
299 391 59.5005
299 410 57.3406
299 430 56.6066
300 480 61.0419
300 576 72.8485
300 602 114.553
301 354 47.6157
301 632 38.6645
302 316 147.745
302 429 64.2047
302 504 87.3049
302 561 116.507
303 361 35.844
303 382 66.9259
304 593 80.3019
305 309 55.0187
305 643 69.033
308 645 69.7355
308 672 35.605
309 643 151.116
310 322 60.4522
310 400 73.6588
310 458 148.673
311 510 48.5338
312 435 68.3698
313 598 22.8031
314 393 31.9434
314 424 55.9009
314 581 52.7982
315 377 24.3934
315 663 77.9318
316 496 114.283
317 601 97.4987
318 532 69.913
318 556 47.4435
319 497 64.5458
319 674 24.2055
320 335 62.5701
320 404 81.5362
322 400 82.3011
322 458 127.763
323 566 82.2662
324 554 70.85
325 392 101.147
325 492 65.1581
325 689 54.309
326 353 45.2748
326 507 29.3184
327 399 43.0208
327 623 47.8038
327 649 46.7837
327 652 60.7967
328 460 61.8053
329 366 105.371
329 523 11.1627
329 625 26.3908
330 397 33.7333
330 627 87.8861
331 453 77.3005
332 528 73.9237
332 542 87.5344
332 616 43.708
332 665 69.4761
333 418 60.9372
333 442 83.4834
333 697 86.5623
334 470 65.6551
335 404 21.3417
335 634 59.7772
336 598 74.3978
337 360 45.2648
337 390 38.688
337 646 50.8175
338 370 47.1238
338 509 6.71081
339 471 147.981
339 502 73.2651
339 636 107.945
340 591 104.901
340 674 94.0107
341 592 52.1678
342 405 82.0093
342 451 137.516
343 576 76.1874
344 350 59.2216
344 418 64.4278
344 442 69.6465
345 601 90.4687
345 620 5.32041
345 624 37.0529
346 374 54.8532
346 396 106
346 648 65.0001
347 673 115.504
348 428 53.4764
348 497 19.5961
348 564 9.39848
349 481 85.9491
349 649 54.2674
349 652 63.8018
350 639 58.6499
350 669 33.8669
351 454 45.9876
351 605 60.1071
352 490 90.6081
352 537 19.1529
352 650 61.1884
353 507 41.3328
354 617 51.3692
355 600 43.3113
356 613 97.8529
357 653 87.3291
357 687 62.3789
358 363 49.7501
358 553 6.74841
359 499 36.1856
360 646 27.8532
361 382 22.791
361 517 64.8446
362 368 42.4451
362 534 13.1931
363 553 93.1057
364 483 38.9513
364 603 53.0791
365 455 36.7346
365 595 99.3682
365 665 26.9352
366 486 74.493
366 681 107.567
367 479 24.7088
367 613 66.9468
368 534 42.5608
369 406 62.3755
369 531 60.0445
369 532 119.457
370 509 48.7877
370 535 53.534
371 422 47.0638
372 483 61.5662
372 603 58.8593
372 631 78.4082
373 408 61.2771
373 463 80.6362
374 396 94.2987
374 648 88.4328
376 421 158.26
376 616 119.396
376 667 129.868
377 663 44.351
378 622 37.4995
379 487 43.1469
379 610 66.354
379 661 58.6081
380 520 49.1019
380 596 70.8126
381 390 38.9816
381 531 51.2517
383 387 46.015
383 425 53.2903
384 530 8.33191
384 673 76.6564
385 449 76.4845
386 684 18.7598
388 677 31.2969
389 413 41.6955
389 459 65.7559
389 515 15.6387
391 430 42.7342
392 607 54.2838
393 424 66.3762
393 581 70.2707
394 423 70.0498
394 427 62.6701
395 415 142.997
395 498 64.2599
396 648 74.5347
397 627 79.0029
398 637 69.6181
398 656 18.1231
399 623 20.239
400 675 65.1743
400 697 27.0391
401 489 120.854
401 533 135.433
402 594 32.1249
402 656 132.651
402 671 33.6369
403 446 46.7544
403 505 27.8562
403 588 42.4559
403 640 50.0101
404 634 52.4156
405 632 79.187
406 531 60.3663
407 550 32.7055
407 558 65.0769
407 582 57.4511
407 621 77.575
407 658 78.4935
408 540 28.9143
409 439 31.1833
409 568 63.0177
410 483 52.9356
411 434 34.7446
411 552 36.0188
412 462 63.7107
412 482 22.8009
413 515 62.4973
414 547 83.9374
414 622 67.7837
416 482 51.0397
416 678 32.2215
416 679 16.6381
417 445 63.7423
418 442 29.9135
419 496 33.1226
419 644 51.4678
420 551 29.0353
421 447 99.0375
422 569 86.0526
423 427 17.1813
423 509 51.745
424 567 98.6189
424 581 16.9485
424 692 66.7749
426 498 50.9027
426 605 35.8673
428 502 97.4615
428 564 43.7479
429 561 53.9465
430 617 60.0522
431 586 33.1991
432 525 49.0358
432 617 82.9309
434 552 25.1308
435 443 43.9254
436 457 69.9929
437 460 64.0586
437 493 35.4559
437 690 56.3334
439 466 104.964
439 615 71.2688
439 693 75.4268
440 461 69.6028
441 560 13.4803
441 589 51.2952
444 593 63.8191
446 588 26.9072
447 675 86.0096
448 583 18.0835
448 664 56.6727
450 621 39.9878
450 652 81.2373
451 545 57.0934
451 590 49.6776
451 657 46.5307
452 456 64.3004
453 556 60.4419
454 670 90.8512
455 542 51.5469
455 665 38.7554
457 655 38.273
460 493 42.3059
460 680 112.142
462 482 78.8072
462 516 99.7906
462 619 130.156
463 541 19.6773
463 654 74.9592
464 522 32.8886
465 468 63.2107
466 693 27.2133
467 604 23.3397
467 686 34.5598
468 491 50.9247
469 503 46.9465
469 511 20.9049
470 629 57.5375
471 626 55.0937
471 636 50.9021
472 629 94.553
472 685 145.826
473 513 48.8577
474 508 67.3368
475 621 51.0548
475 623 43.9704
476 614 106.278
476 650 92.8304
477 517 26.2946
477 641 61.5309
478 559 120.055
478 613 63.2952
479 614 55.8985
480 562 97.3368
481 649 41.6175
482 678 44.9399
482 679 91.3405
483 603 8.62883
483 631 96.3893
484 568 31.9288
485 599 79.5357
486 577 45.9804
486 587 32.8541
487 585 33.8958
488 572 24.7165
489 533 140.035
490 537 79.7421
490 650 75.6271
491 570 62.5089
492 546 78.6099
492 689 49.9784
494 541 77.421
494 602 83.9396
495 620 100.221
495 624 109.968
496 644 41.9237
497 527 47.6982
497 564 39.7097
499 578 81.3309
500 544 40.4106
500 682 47.9571
501 525 46.8748
501 536 7.12176
501 660 61.9294
502 637 111.892
503 544 18.218
504 638 68.1392
504 683 77.9686
505 588 39.7698
505 640 57.7068
506 548 59.8503
506 608 49.1833
506 611 29.6309
508 671 129.892
511 573 40.7969
511 630 76.2565
512 524 52.8522
512 549 52.9844
512 563 39.5524
513 546 38.6858
514 666 55.848
516 619 23.6162
516 690 62.763
517 641 70.7607
518 583 102.861
518 627 102.127
519 633 7.99933
520 596 15.0092
521 558 97.4212
523 625 35.5675
524 563 44.1951
524 609 45.978
526 651 35.7554
527 555 31.8626
528 529 51.4602
528 616 48.6696
529 589 22.3183
530 559 139.907
530 673 64.6522
532 556 143.165
533 570 135.564
536 660 42.2091
537 650 47.3266
541 654 31.3219
542 578 97.7044
542 616 75.0698
542 667 92.1638
543 694 4.32094
545 590 106.549
545 657 19.7954
547 658 44.1558
548 599 55.4755
548 608 51.8008
549 563 13.9018
549 609 84.4705
550 558 52.913
550 621 85.9003
552 575 38.3081
555 640 28.2535
557 689 62.0577
560 589 38.032
562 602 76.3884
565 567 47.0135
565 692 79.1418
567 581 86.9674
567 692 49.5455
573 630 70.8427
574 666 114.353
574 696 77.21
577 587 52.7642
577 628 57.0176
579 612 35.3804
579 642 10.6482
580 618 52.1944
580 629 81.3145
580 662 119.687
581 692 57.7246
582 658 27.6186
583 664 68.2522
585 625 47.3735
590 657 77.0346
594 656 74.7975
594 671 55.595
597 687 77.5074
599 608 91.0575
599 611 62.3141
601 620 73.9613
603 631 79.9483
604 686 66.2214
607 696 116.395
608 611 47.2299
611 651 113.078
612 642 30.1669
616 667 95.7596
618 629 119.772
618 662 72.7133
619 690 75.208
620 624 54.2842
626 636 56.7678
635 672 88.9593
637 656 95.3124
638 681 94.0619
638 683 98.3776
639 669 26.3967
639 675 88.4236
645 672 91.8212
666 685 94.4516
666 696 70.6362
669 675 138.746
675 697 47.4357
678 679 33.7879
681 683 82.6867
688 696 104.848
