1074 2009
0 584.913 948.051
1 1059.55 225.263
2 1013.43 1577.85
3 789.028 1607.94
4 131.628 940.052
5 985.736 325.739
6 217.297 1359.89
7 1497.87 218.957
8 983.622 1095.75
9 189.545 1165.67
10 787.86 282.812
11 284.911 913.91
12 444.149 1137.77
13 1247.22 1300.32
14 76.1386 947.932
15 877.352 714.805
16 565.732 1129.93
17 734.641 1066.54
18 697.436 1437.74
19 670.072 1157.26
20 1567.78 1249.99
21 34.1748 1304.52
22 930.587 931.028
23 684.094 66.5961
24 1395.74 792.993
25 1401.95 1185.03
26 406.999 599.074
27 765.226 1296.48
28 267.456 1512.13
29 1454.7 1549.64
30 1448.16 645.26
31 649.173 867.39
32 818.715 1366.64
33 841.388 278.081
34 1373.15 455.535
35 823.559 1098.46
36 590.312 1561.48
37 87.9351 1265.03
38 181.229 827.983
39 762.147 723.004
40 1568.96 614.826
41 100.256 898.69
42 1385.4 1470.24
43 1096.14 1579.71
44 583.179 296.526
45 998.218 885.468
46 1417.91 1193.41
47 355.05 423.174
48 1332.1 507.218
49 838.924 368.387
50 1215.83 255.948
51 871.585 724.134
52 1622.65 287.814
53 1529.81 379.202
54 973.767 803.886
55 1302.4 911.744
56 146.342 806.969
57 1310.19 868.104
58 749.72 1383.24
59 253.359 288.047
60 92.6544 502.016
61 306.476 1019.42
62 1393.29 24.3526
63 669.195 662.647
64 975.438 971.83
65 457.592 1536.77
66 235.972 759.1
67 51.7267 237.446
68 1294.72 40.2145
69 1092.95 1069.5
70 121.663 1069.59
71 204.927 1165.47
72 1228.93 985.272
73 64.7884 712.144
74 367.864 621.402
75 468.469 1005.6
76 1325.2 1474.34
77 1178.6 1244.19
78 114.233 370.8
79 780.918 510.801
80 1245.52 1205.42
81 441.744 1407.12
82 524.852 31.4137
83 1379.5 793.345
84 491.285 295.277
85 826.113 489.26
86 1262.12 261.965
87 1009.33 1169.82
88 1624.06 1088.93
89 853.192 1565.1
90 1566.19 1276.28
91 30.0505 1395.05
92 1037.46 1216.81
93 1324.27 1510.53
94 1512.4 1261.71
95 754.52 1623.83
96 112.161 535.367
97 1630.62 644.327
98 717.695 1324.98
99 454.262 1517.37
100 1202.03 514.78
101 106.772 1581.31
102 1496.02 907.238
103 320.328 1125.27
104 701.267 22.5263
105 955.886 1487.78
106 1187.24 69.4805
107 583.335 1494.59
108 79.5602 809.96
109 1047.69 809.679
110 747.05 1510.31
111 1542.12 1314.31
112 86.599 1560.61
113 244.128 1010.59
114 1222.16 397.329
115 541.052 1440.89
116 469.856 97.9221
117 712.621 1153.44
118 1278.93 1040.64
119 994.398 1469.29
120 380.508 830.838
121 1153.87 1363.1
122 1400.28 1137.53
123 1102.33 1559.54
124 1605.19 514.911
125 787.578 836.544
126 165.281 1170.41
127 1500.23 1566.82
128 390.123 6.21889
129 136.895 526.888
130 986.94 876.538
131 485.649 489.608
132 535.98 1025.56
133 734.846 488.677
134 916.098 1183.99
135 1256.6 637.702
136 1329.14 622.03
137 372.012 482.514
138 901.587 589.435
139 1002.87 107.767
140 246.133 908.968
141 685.903 605.709
142 658.793 1324.81
143 1313.81 12.9012
144 1279.59 129.294
145 1543.28 1466.14
146 1128.79 393.382
147 1618.98 1.4861
148 315.625 1445.27
149 847.761 1140.19
150 1290.75 1281.85
151 1249.83 436.493
152 1106.28 830.478
153 754.194 1246.6
154 1068.15 527.641
155 1048.74 1281.06
156 1285.24 844.581
157 715.413 1485.19
158 501.367 1259.65
159 753.099 1439.06
160 370.485 1421.88
161 1236.97 1423.59
162 692.942 91.5757
163 855.582 342.637
164 501.768 133.595
165 935.963 5.21691
166 1019.16 1197.91
167 1269.29 1551.89
168 731.683 1451.7
169 1467.81 1476.06
170 1231.41 1557.67
171 1591.97 1308.57
172 588.421 233.318
173 361.2 482.55
174 1530.13 235.514
175 1568.57 239.908
176 72.9837 681.077
177 222.943 818.082
178 1085.85 1442.01
179 541.592 847.91
180 250.961 339.245
181 1577.89 1551.1
182 251.022 542.615
183 1415.63 1255.26
184 1186.41 1302.22
185 824.261 1484.99
186 524.943 463.959
187 1061.52 1529.9
188 312.007 21.6492
189 450.669 569.201
190 786.674 539.304
191 1363.75 1074.63
192 420.679 775.502
193 726.21 578.828
194 1499.59 1371.14
195 643.474 1035.58
196 1061.29 291.455
197 786.543 482.155
198 558.868 1409.79
199 1132.18 967.219
200 1448.5 193.358
201 477.001 1634.8
202 829.78 1563.15
203 883.942 186.133
204 455.148 410.628
205 794.872 927.608
206 1288.88 183.094
207 259.675 484.947
208 844.579 1148.41
209 733.663 971.513
210 960.103 1033.05
211 437.836 1261.43
212 11.619 1270.68
213 784.366 558.47
214 868.742 600.667
215 82.6773 664.522
216 1583.69 86.4577
217 672.938 884.563
218 481.953 877.821
219 1413.23 1617.89
220 394.099 1232.66
221 940.997 726.506
222 319.173 970.648
223 822.959 752.401
224 808.509 1375.61
225 1613.44 1041.19
226 83.4964 1064.86
227 826.545 500.973
228 1488.83 1108.03
229 473.016 901.808
230 478.385 75.2108
231 595.119 884.504
232 1352.01 135.029
233 684.977 280.574
234 1221.53 1107.36
235 980.655 1201.19
236 1271.68 236.825
237 175.806 1271.55
238 26.8043 1215.58
239 297.792 652.162
240 397.497 1558.59
241 285.966 1572.71
242 293.755 815.053
243 497.699 1482.79
244 1512.45 279.918
245 1328.44 413.002
246 206.057 1026.81
247 1040.98 1089.65
248 1141.72 1544.29
249 466.807 1601.09
250 1181.48 885.528
251 61.5277 437.004
252 82.9866 1623.35
253 1509.91 200.699
254 1318.14 941.2
255 1075.42 1557.84
256 261.874 266.555
257 1396.86 1576.41
258 1515.15 50.6245
259 1064.97 249.342
260 166.24 534.731
261 282.54 603.575
262 990.134 1609.87
263 629.063 3.25106
264 1615 211.633
265 643.208 309.9
266 1576.35 1360.7
267 1513.78 681.828
268 213.898 1213.56
269 1501.42 991.376
270 865.291 446.796
271 1250.55 15.4987
272 1183.96 1453.93
273 975.651 546.763
274 759.245 328.421
275 1236.38 1251.89
276 281.166 128.434
277 1335.57 1398.6
278 817.268 256.344
279 778.604 118.054
280 567.735 223.228
281 301.516 168.347
282 835.116 1226.38
283 0.546248 195.465
284 619.705 1351.21
285 294.001 1498.92
286 1525.33 1441.95
287 1553.47 692.022
288 852.673 221.149
289 77.1996 456.588
290 1172.4 1270.45
291 425.201 1208.1
292 226.996 1243.08
293 348.924 341.762
294 486.791 135.026
295 625.194 799.748
296 725.294 1593.27
297 490.008 975.273
298 1032.17 1069.3
299 175.622 1162.05
300 291.018 1628.94
301 551.141 1386.99
302 735.157 1242.11
303 487.786 1561.22
304 823.534 351.461
305 211.231 1573.3
306 749.867 268.013
307 1160.85 523.723
308 910.501 1480.73
309 1205.68 649.915
310 709.293 776.937
311 1104.95 544.852
312 1377.6 1583.36
313 138.714 386.378
314 1525.11 902.993
315 775.107 991.158
316 290.67 450.508
317 1454.57 18.5103
318 980.109 191.005
319 1376.64 1288.7
320 423.194 1124.65
321 1492.16 1610.48
322 1317.33 883.184
323 666.266 672.452
324 1475.87 26.7637
325 1427.46 919.701
326 1032.14 198.779
327 389.071 1187.47
328 301.859 672.841
329 653.864 96.958
330 275.646 314.01
331 855.295 1321.47
332 377.229 890.609
333 1398 1270.56
334 178.515 237.489
335 5.62481 1283.44
336 1448.79 151.182
337 1106.63 295.471
338 657.736 1599.44
339 954.872 1045.94
340 543.383 1377.64
341 956.946 1475.95
342 271.562 289.264
343 1376.16 1288.29
344 1374.98 1613.7
345 125.195 1598.81
346 129.418 309.427
347 1570.48 455.573
348 1243.49 776.53
349 283.445 768.567
350 1031.78 208.531
351 286.79 573.497
352 1333.92 211.645
353 671 1176.4
354 1534.78 1086.44
355 1458.74 1497.14
356 1374.56 635.032
357 770.335 1637.8
358 858.282 442.803
359 259.68 1202.78
360 1125.44 199.75
361 665.559 1047.49
362 1092.26 1262.33
363 1376.97 1151.13
364 46.9787 1381.38
365 1301.16 98.3683
366 1446.39 1187.56
367 922.673 837.331
368 649.283 88.1462
369 655.311 1271.38
370 279.487 1313.97
371 1511.62 253.886
372 693.507 1591.43
373 570.003 1231.75
374 413.144 1358.92
375 1196.76 881.528
376 1562.46 551.375
377 594.854 660.07
378 1272.28 1366.42
379 1550.33 930.06
380 52.9894 1037.14
381 180.58 1448.37
382 1586.28 1402.66
383 1535.85 271.315
384 457.185 1549.29
385 351.862 967.276
386 1464.12 965.426
387 276.77 743.853
388 583.404 1159.81
389 93.6826 178.007
390 1061.09 1498.01
391 743.905 537.588
392 712.598 1230.54
393 487.434 981.629
394 3.4517 1065.21
395 469.612 681.875
396 644.739 324.02
397 18.306 505.063
398 1577.08 389.876
399 696.799 1269.16
400 180.092 2.8417
401 22.0727 447.373
402 119.418 578.55
403 715.455 170.511
404 908.86 965.893
405 817.712 767.343
406 29.2928 554.456
407 526.372 1105.33
408 510.474 1104.37
409 1595.72 611.044
410 425.391 622.899
411 431.87 122.157
412 766.505 379.01
413 568.102 57.8923
414 1197.69 316.173
415 1482.53 895.082
416 532.237 318.554
417 1483.2 50.4054
418 803.109 1107.13
419 987.649 1455.45
420 571.49 150.684
421 1017.54 135.637
422 550.82 899.61
423 547.341 112.319
424 1245.09 1185.63
425 1579.82 168.52
426 1332.96 278.249
427 1175.27 1069.7
428 1062.85 417.278
429 174.681 165.017
430 590.654 730.895
431 93.7668 715.364
432 779.818 669.529
433 235.582 1172.92
434 592.451 1522.07
435 551.08 1138.11
436 555.649 1117.85
437 1543.19 1310.79
438 657.463 231.342
439 1279.73 67.4485
440 1575.14 1014.73
441 1244.63 894.787
442 41.1899 1112.12
443 344.71 1541.96
444 1388.44 506.27
445 158.388 1522.71
446 1161.29 1518.94
447 749.544 496.93
448 1265.98 100.157
449 1324.38 293.162
450 1565.77 770.053
451 144.483 1143.02
452 709.85 1459.26
453 1.65167 281.068
454 643.051 921.414
455 669.926 1139.11
456 985.669 360.698
457 688.796 385.381
458 386.783 714.582
459 1269.37 221.878
460 713.607 1228.49
461 546.215 626.582
462 195.667 1558.3
463 103.513 1546.07
464 684.242 752.431
465 1569.26 317.536
466 601.131 1246.19
467 1347.66 630.9
468 45.8754 297.673
469 922.841 749.449
470 46.9018 284.164
471 392.679 542.058
472 286.221 966.046
473 1432.31 1333.69
474 916.755 1617.21
475 1490.6 1197.92
476 901.995 191.89
477 1360.6 628.549
478 1386.46 1230.48
479 798.807 1019.05
480 140.95 1059.73
481 1244.25 934.14
482 997.659 927.16
483 383.092 547.831
484 1519.37 204.875
485 706.173 469.177
486 659.487 1628.72
487 1545.48 1595.18
488 1363.26 1397.97
489 759.893 1220.63
490 487.435 908.376
491 280.299 135.707
492 1366.8 182.264
493 648.714 1002.13
494 56.7088 395.761
495 221.896 890.455
496 626.955 1141.28
497 505.354 1338.84
498 825.223 972.461
499 264.642 17.7379
500 258.767 1270.89
501 210.164 1505.43
502 421.336 431.191
503 1413.6 1182.21
504 333.029 1162.14
505 1307.53 339.137
506 439.861 320.213
507 199.239 1481.6
508 464.109 1350.34
509 363.395 1064.66
510 532.803 716.764
511 434.385 232.022
512 181.782 957.778
513 1568.6 123.086
514 1250.75 970.427
515 777.523 1096.02
516 540.538 500.048
517 1277.43 345.687
518 1597.75 1475.58
519 1119.22 675.32
520 1359.72 1069.29
521 779.359 966.262
522 283.788 1007.68
523 696.859 1149.35
524 1324.49 48.8768
525 1171.05 957.061
526 1593.52 1604.38
527 1234.8 1585.57
528 1162.01 582.978
529 409.538 714.123
530 1471.55 1556.59
531 280.434 637.3
532 1180.85 1514.95
533 1397.29 755.53
534 1408.86 941.978
535 166.915 1274.39
536 505.831 474.665
537 126.357 1362.71
538 407.537 1573.62
539 304.456 1109.99
540 1272.75 252.652
541 1363.16 446.698
542 923.123 1372.82
543 604.269 1406.03
544 235.02 1320.11
545 379.081 346.416
546 1052.88 606.247
547 187.773 240.733
548 868.216 838.344
549 610.194 672.871
550 1314.18 1274.06
551 918.371 359.659
552 1625.24 1045.35
553 1632.87 247.277
554 656.472 1014.7
555 343.566 634.135
556 339.961 968.525
557 770.235 907.868
558 196.225 1454.28
559 107.346 480.404
560 1253.18 368.987
561 1338.72 566.664
562 1181.27 338.2
563 177.048 803.4
564 376.555 576.643
565 1328.33 809.216
566 64.1921 1212.49
567 938.575 310.607
568 728.706 980.944
569 540.416 457.451
570 1350.64 1164.03
571 673.791 260.082
572 185.839 820.384
573 198.838 318.619
574 218.479 278.086
575 1250.14 4.75248
576 1147.7 1293.27
577 1352.65 1636.89
578 128.241 867.737
579 358.945 220.233
580 1616.76 568.446
581 60.2614 945.169
582 1066.47 1296.84
583 23.1503 122.577
584 309.754 728.183
585 720.368 1471.21
586 6.32693 569.226
587 799.547 442.207
588 291.587 1292.44
589 460.845 1013.54
590 246.274 391.799
591 232.759 403.83
592 1094.42 370.368
593 1500.81 1465.96
594 406.999 1254
595 1393.18 897.93
596 1318.6 168.043
597 638.634 247.053
598 659.907 1086.09
599 1054.65 106.487
600 989.879 627.235
601 974.386 617.086
602 1576.91 702.516
603 1614.04 293.452
604 363.552 414.656
605 583.737 620.307
606 971.498 38.5689
607 1460.75 1086.81
608 223.191 750.795
609 1488.91 1591.04
610 954.117 733.93
611 786.512 691.655
612 568.219 1538.12
613 911.913 984.08
614 1329.72 1059.89
615 1573.54 1563.13
616 348.901 998.571
617 635.22 72.0417
618 25.2044 462.873
619 477.747 644.513
620 1010.54 104.981
621 183.15 1260.42
622 45.9775 46.6607
623 875.521 1456.7
624 757.521 446.935
625 421.953 1024.3
626 1051.51 929.032
627 1551.29 587.594
628 1520.31 1529.28
629 239.312 289.199
630 314.584 254.269
631 745.989 16.8888
632 543.878 662.447
633 282.092 897.701
634 781.473 175.647
635 1615.9 623.794
636 183.513 1150.76
637 870.198 931.63
638 263.833 263.189
639 413.571 663.261
640 806.459 1148.6
641 1525.93 722.905
642 1188.45 1145.23
643 1111.93 773.795
644 1293.26 1524.76
645 699.483 84.6507
646 1425.43 597.162
647 25.7227 1258.26
648 931.323 1417.25
649 519.368 721.875
650 1056.95 267.542
651 1609.32 1360.01
652 1579.03 827.661
653 363.839 445.178
654 1493.7 482.681
655 1441.01 1218.72
656 96.7306 125.584
657 377.591 1119.36
658 1242.34 605.748
659 1351.95 1559.91
660 339.889 186.43
661 1526.21 116.616
662 1020.66 920.223
663 973.604 1524.88
664 1165.35 1227.71
665 1432.35 984.714
666 1161.18 1572.78
667 398.608 1087.79
668 686.171 1220.33
669 1026.65 693.822
670 557.268 1101.89
671 1488.53 772.549
672 319.108 159.526
673 1306.32 218.256
674 1070.28 1166.89
675 1286.41 1274.4
676 285.106 230.066
677 29.3777 103.172
678 613.105 1610.02
679 523.046 718.543
680 197.63 184.25
681 1577.09 684.787
682 1492.27 632.018
683 549.187 1466.38
684 697.385 1183.59
685 1089.02 934.243
686 897.537 818.729
687 741.016 1191.73
688 430.529 999.005
689 921.693 764.119
690 655.116 427.351
691 1592.62 1481.35
692 895.273 1008.83
693 1590.67 1223.35
694 1484.1 1019.27
695 683.557 724.802
696 238.958 422.484
697 1106.16 500.924
698 495.212 21.3227
699 780.789 273.978
700 974.164 512.492
701 22.3883 1236.99
702 626.478 865.142
703 216.284 1598.42
704 18.5269 98.4202
705 910.434 912.676
706 817.115 783.012
707 237.298 575.632
708 173.752 1228.37
709 502.622 1261.14
710 223.364 545.376
711 771.497 1009.25
712 110.843 664.331
713 1438.64 1013.9
714 1598.94 1169.35
715 493.342 1097.07
716 322.312 789.663
717 85.1163 751.182
718 1041.79 755.446
719 597.19 886.186
720 1023.39 830.653
721 1434.53 892.491
722 424.008 709.421
723 399.21 429.205
724 1535.51 590.57
725 547.979 729.956
726 1516.51 1323.36
727 267.87 12.0934
728 1091.74 990.172
729 1085.32 320.479
730 532.36 520.592
731 1404.78 805.815
732 1595.09 1252.89
733 163.353 1178.08
734 256.523 928.306
735 1632.75 105.202
736 136.548 490.131
737 610.854 1143.98
738 603.932 567.408
739 1629.92 1157.38
740 1526.28 484.25
741 1283.65 693.755
742 839.668 460.087
743 779.895 558.878
744 208.935 1230.36
745 1465.5 178.436
746 997.437 1061.85
747 1397.22 1487.84
748 609.052 1466.52
749 1181.16 1337.91
750 11.8786 1476.72
751 1476.29 709.134
752 242.736 112.572
753 1416.4 670.993
754 1319.05 765.103
755 1224.83 1421.18
756 616.248 1020.58
757 1616.77 1248.37
758 224.802 587.876
759 708.515 64.4976
760 1176.72 1126.72
761 685.622 342.041
762 1443.7 694.26
763 390.741 1441.63
764 701.402 803.567
765 1635.89 858.069
766 1425.42 802.028
767 447.966 903.303
768 1408.94 102.831
769 1499.89 937.43
770 1029.84 1129.23
771 203.98 475.871
772 507.189 51.3223
773 833.17 44.7458
774 1388.82 1398.53
775 1381.95 1456.61
776 535.477 38.8618
777 1379.05 1525.26
778 731.096 579.56
779 1523.39 559.663
780 367.239 556.629
781 974.673 626.644
782 239.318 1179.68
783 862.242 699.992
784 1579.36 845.342
785 163.077 295.491
786 377.375 635.149
787 51.9509 453.44
788 1050.89 1003.05
789 1296.78 322.308
790 1583.32 1558.83
791 1401.98 670.62
792 1089.53 432.52
793 99.7646 723.852
794 477.901 1398.76
795 556.399 1452.43
796 124.25 1383.39
797 1219.61 1286
798 1591.07 142.468
799 886.994 1465.19
800 810.651 1124.21
801 525.262 638.623
802 279.683 434.179
803 654.79 723.689
804 326.717 284.289
805 618.043 1081.36
806 276.851 1344.28
807 1424.2 1002.41
808 193.173 1318.15
809 381.066 1563.26
810 574.937 176.313
811 1397.82 381.833
812 1151.05 308.636
813 1592.99 589.487
814 1391.74 1335.84
815 1382.63 573.965
816 563.281 20.0681
817 16.7028 1104.71
818 1130.57 325.87
819 133.489 701.233
820 924.175 1233.99
821 984.778 773.695
822 1196.78 483.438
823 1224.49 963.666
824 337.478 443.446
825 763.943 1032.6
826 630.64 1120.44
827 1430.56 714.77
828 87.5789 1347.73
829 221.846 825.288
830 981.145 1637.71
831 1562.59 567.801
832 1388.51 407.839
833 888.57 426.485
834 677.387 891.709
835 321.037 1439.25
836 1102.97 452.011
837 344.364 1387.34
838 1245.13 897.858
839 1206.08 1528.84
840 216.683 781.838
841 1343.04 63.2481
842 708.215 483.705
843 1377.21 337.293
844 1427.81 1509.51
845 102.494 1114.99
846 275.416 226.907
847 1071.96 1515.89
848 783.13 1180.54
849 887.078 590.368
850 817.848 82.8692
851 594.464 44.2446
852 380.618 193.027
853 1583.35 1592.93
854 386.683 103.647
855 1482.54 1505.03
856 395 83.5108
857 1502.31 1315.6
858 488.436 100.036
859 710.457 749.173
860 482.214 208.673
861 643.165 462.752
862 1013.23 569.7
863 664.682 1134.64
864 1340.33 121.53
865 28.1851 728.03
866 1606.95 783.705
867 774.734 262.555
868 637.989 856.616
869 1539.1 1009.47
870 1263.25 99.7878
871 1271.75 509.255
872 387.553 120.069
873 1583.65 1057.81
874 515.852 1591.2
875 818.943 1284.41
876 1413.52 365.892
877 387.083 806.913
878 1450.77 1332.22
879 853.621 1207.48
880 290.496 989.253
881 473.358 1116.09
882 14.5151 1319.56
883 178.024 1605.53
884 363.811 949.118
885 591.617 1464.14
886 703.757 291.998
887 1558.37 177.716
888 291.017 1378.59
889 1269.3 1247.5
890 241.475 1436.49
891 290.21 671.168
892 348.559 421.608
893 678.978 967.041
894 220.686 1314.92
895 673.497 691.545
896 199.786 1509.54
897 958.483 893.819
898 273.198 517.376
899 1018.91 616.499
900 262.019 558.761
901 915.504 652.814
902 1498.74 1026.34
903 282.061 315.328
904 1125.1 1085.43
905 1253.79 101.656
906 1207.52 151.553
907 486.843 196.869
908 817.887 1191.45
909 867.736 620.848
910 894.503 1373.79
911 1566.42 1374.14
912 838.969 17.0484
913 677.794 1554.65
914 896.882 1044.66
915 541.602 1590.89
916 672.207 1326.31
917 1410.99 778.15
918 31.1316 1582.26
919 176.957 947.545
920 324.624 95.7438
921 722.298 993.191
922 213.066 174.3
923 860.429 598.283
924 327.627 163.408
925 1458.37 1361.69
926 1008.56 1558.21
927 1009.99 1515.12
928 1108.15 1390.44
929 115.847 485.148
930 991.949 152.597
931 524.568 574.22
932 985.561 1326.89
933 983.591 1576.21
934 317.808 917.618
935 1411.13 745.44
936 451.203 1426.66
937 426.906 204.723
938 314.483 648.353
939 239.696 306.572
940 1063.6 1584.73
941 410.667 528.309
942 1171.13 670.572
943 112.243 302.518
944 990.761 157.127
945 1410.24 102.746
946 1054.13 660.039
947 1455.94 523.326
948 1565.43 313.202
949 1404.56 11.7964
950 521.863 1531.26
951 20.7095 73.9227
952 696.052 4.09059
953 261.169 452.438
954 262.198 424.31
955 82.9922 1209.14
956 120.773 1305.01
957 1065.44 216.147
958 153.12 1178.22
959 456.415 1217.93
960 735 234.4
961 140.679 848.031
962 87.5768 763.082
963 976.652 1322.5
964 830.817 286.553
965 252.184 488.278
966 607.336 10.5051
967 671.614 1100.34
968 1446.29 1141.1
969 88.6581 1574.9
970 341.268 1317.64
971 586.358 1493.61
972 964.905 881.893
973 180.543 284.491
974 19.1257 323.704
975 422.55 978.422
976 695.066 653.369
977 849.976 1021.3
978 1338.78 296.212
979 473.381 712.076
980 1437.49 1631.86
981 888.029 437.938
982 1149.12 487.827
983 1493.26 787.912
984 133.01 640.134
985 111.495 535.328
986 1492.46 386.051
987 250.506 725.834
988 1211.36 310.442
989 775.312 1427.22
990 1356.34 1153.9
991 1135.31 8.94973
992 1017.34 531.657
993 185.289 891.857
994 1474.88 1286.44
995 1403.53 141.393
996 418.8 110.161
997 406.101 577.442
998 5.32731 1235.6
999 496.662 681.355
1000 883.786 826.44
1001 1158.6 1277.48
1002 1446.17 827.995
1003 38.8175 367.537
1004 1445.13 688.903
1005 1365.4 838.862
1006 743.874 1198.94
1007 1542.85 664.935
1008 775.393 792.414
1009 1146.25 949.984
1010 1232.98 1324.61
1011 1268.35 1333.57
1012 1527.74 1335.96
1013 665.455 534.621
1014 729.853 351.355
1015 1578.85 456.03
1016 763.29 1249.32
1017 540.413 73.4755
1018 1121.93 1279.84
1019 1347.15 1479.33
1020 1456.93 544.02
1021 658.129 421.683
1022 615.895 1621.58
1023 1263.77 1413.52
1024 637.561 857.177
1025 247.31 1235.35
1026 802.68 1264.06
1027 1425.12 1100.14
1028 522.842 1085.86
1029 817.376 53.2261
1030 1557.76 1092.04
1031 137.723 1502.73
1032 547.862 720.297
1033 716.045 228.627
1034 312.808 1357.91
1035 536.026 668.322
1036 862.858 811.136
1037 781.276 1468.63
1038 746.215 875.09
1039 755.872 219.08
1040 1224.22 1263.37
1041 204.124 328.615
1042 259.669 801.869
1043 1169 1077.03
1044 1431.67 913.874
1045 350.426 327.239
1046 146.262 1265.24
1047 58.1246 992.724
1048 861.845 977.708
1049 954.574 820.687
1050 956.551 101.29
1051 768.368 1243.26
1052 1347.49 572.07
1053 1428.63 1629.51
1054 1050.96 1213.33
1055 497.287 799.935
1056 564.338 1359.22
1057 1370.55 748.539
1058 70.9414 1407.88
1059 1512.37 1136.23
1060 1217.51 1118.38
1061 882.985 1296.39
1062 161.95 1118.32
1063 475.876 1360.96
1064 227.412 375.498
1065 349.98 1098.49
1066 87.4634 799.963
1067 1124.81 1182.1
1068 1126.65 178.745
1069 33.4008 813.619
1070 138.86 267.818
1071 179.059 682.026
1072 319.93 176.155
1073 1228.08 163.786
0 422 74.2294
0 454 98.6031
0 719 105.243
1 259 36.0759
1 326 45.0373
1 350 53.4569
1 360 134.321
1 650 48.3484
1 957 17.8237
1 1068 98.6292
2 262 60.7911
2 926 23.0147
2 933 42.1201
3 89 133.012
3 95 66.5195
3 202 105.659
3 357 68.3821
4 41 84.8465
4 512 53.9699
4 919 91.0846
5 456 69.5686
5 551 114.11
5 567 75.9542
6 544 44.5944
6 808 85.1127
6 894 66.0265
7 174 50.8856
7 200 86.5496
7 253 25.6173
7 484 31.0901
8 298 106.161
8 339 68.2241
8 746 38.3368
8 770 74.6562
9 71 28.9041
9 299 25.9841
9 636 19.7007
10 33 87.1235
10 274 92.0151
10 278 61.6435
10 699 17.8668
10 867 35.1636
10 964 73.0644
11 633 28.9674
11 734 47.1918
11 934 46.3841
12 320 32.397
12 715 97.2189
12 881 36.6471
13 797 36.8293
13 1010 31.6512
13 1011 51.5701
13 1040 45.672
14 41 61.0176
14 581 29.3446
14 1047 65.1289
15 51 14.7405
15 469 71.0064
15 783 21.3972
16 388 34.748
16 435 21.5864
16 436 20.2513
16 670 34.6335
17 515 99.5588
17 711 92.1042
17 825 63.1505
18 168 56.4277
18 452 47.9824
18 585 47.5034
19 117 44.7865
19 353 24.0397
19 455 30.4808
19 523 50.8893
19 863 29.5274
20 90 47.789
20 693 67.757
20 732 27.524
20 757 50.4264
21 212 51.9936
21 335 54.3179
21 882 26.9762
22 64 120.984
22 404 80.5558
22 705 50.1445
22 897 50.608
23 162 38.94
23 368 46.8388
23 617 72.9247
23 645 29.8812
23 759 29.1209
24 83 27.985
24 731 22.2713
24 766 51.8474
24 917 26.5257
25 46 31.6451
25 363 81.9246
25 478 83.4444
25 503 12.168
25 570 91.5694
26 74 54.5267
26 189 60.9884
26 410 33.3041
26 564 53.7925
26 997 23.8142
27 98 70.6442
27 153 54.1009
27 875 88.4668
27 1016 66.9957
27 1026 70.2406
28 241 75.0789
28 285 56.2118
28 501 58.465
29 127 51.9758
29 530 34.9
29 844 67.6326
30 646 62.8521
30 682 83.8966
30 753 50.4654
30 1004 80.53
31 217 43.7346
31 454 99.4796
31 702 24.854
31 834 49.4628
31 868 21.4063
31 1024 25.3546
32 58 98.644
32 224 23.5057
32 331 70.3226
33 278 41.7671
33 964 26.3828
34 245 65.1302
34 444 74.4031
34 541 20.5475
34 832 73.894
35 418 29.3626
35 515 50.8084
35 800 38.2665
36 434 70.0841
36 612 41.4857
36 678 95.9819
36 915 111.702
37 566 99.4996
37 955 111.349
37 956 64.7243
38 56 58.5484
38 563 35.3027
38 572 15.1321
38 829 73.8411
38 961 50.0062
39 432 91.2517
39 611 56.2963
39 859 64.6754
40 409 30.4079
40 627 62.8474
40 813 53.4765
41 578 47.7603
41 581 108.297
42 747 34.9213
42 775 23.9078
42 1019 70.4333
43 123 36.451
43 255 31.5427
43 940 60.1589
44 172 121.76
44 265 102.001
44 416 60.9083
45 130 24.3269
45 482 52.9711
45 662 61.6582
45 897 42.2962
45 972 53.9831
46 366 38.5597
46 503 19.887
46 655 64.3087
47 604 16.7287
47 653 47.3692
47 824 52.406
47 892 12.7959
48 444 58.986
48 561 69.3934
48 871 85.3649
49 163 36.8508
49 304 31.6565
49 412 106.463
50 86 67.6994
50 540 62.6856
50 988 98.6202
51 223 86.4736
51 783 34.1663
52 465 112.001
52 553 45.5363
52 603 17.3314
53 398 77.1726
53 465 140.777
53 986 69.4469
54 720 106.404
54 821 34.7257
54 1049 37.8433
55 57 73.0702
55 254 44.7663
55 322 55.1793
56 563 33.3474
56 961 63.5762
56 1066 59.2935
57 156 36.097
57 322 28.3178
58 159 85.2827
58 224 80.4954
58 989 61.7402
59 256 25.8762
59 330 63.3713
59 342 18.3988
59 574 51.3512
59 629 16.3885
59 638 37.7899
59 939 32.8715
60 96 59.3785
60 406 100.851
60 559 26.6543
60 929 48.7357
60 985 46.7852
61 522 36.7285
61 616 82.0468
61 880 34.3428
62 317 114.535
62 841 91.9878
62 949 24.9369
63 323 17.3992
63 895 44.0856
63 976 52.7118
64 210 81.1375
64 482 79.2863
65 99 28.7244
65 303 51.1736
65 384 15.9186
66 608 23.6983
66 840 53.5203
66 987 54.7459
67 283 79.2405
67 389 131.781
67 468 93.706
67 470 53.9538
68 143 62.3358
68 271 84.4949
68 439 45.5846
68 524 36.1491
68 575 92.3891
68 841 75.5991
69 247 86.6153
69 298 94.078
69 904 36.6255
70 226 57.83
70 480 36.586
70 845 67.1834
71 299 58.1973
71 433 41.0155
71 636 31.2447
71 782 52.5864
72 118 105.701
72 481 88.4436
72 514 52.4912
72 823 27.6216
73 176 41.6467
73 215 54.236
73 431 45.2973
73 793 72.3281
73 865 74.4644
74 555 49.0785
74 786 29.0116
75 297 46.8318
75 393 44.1648
75 589 20.0999
76 93 43.9301
76 644 106.671
76 775 74.3157
76 1019 25.8193
77 290 35.6861
77 664 22.9866
77 1001 74.4599
78 313 52.0116
78 346 84.6622
78 494 119.594
79 190 48.1178
79 197 51.4317
79 447 51.7033
80 275 73.581
80 424 37.8822
80 889 69.716
81 374 81.7153
81 763 116.356
81 794 37.2862
81 936 26.4444
82 698 45.7178
82 772 33.1316
82 776 22.669
83 565 54.2742
83 731 30.5362
83 754 112.563
83 917 65.8351
83 1005 91.0796
83 1057 80.752
84 416 56.7803
84 506 76.2969
84 511 125.263
85 197 46.4448
85 227 21.9164
85 742 63.7926
86 236 35.7797
86 459 48.1744
86 540 14.7911
87 92 103.86
87 166 43.7927
87 235 48.8939
87 770 58.3399
88 225 62.4879
88 552 50.4851
88 739 124.643
88 873 61.2123
89 202 39.2948
89 474 91.0175
90 94 104.157
90 171 67.7506
90 732 59.8816
91 364 31.0725
91 750 106.797
91 828 130.751
91 1058 45.0066
92 155 117.509
92 166 42.7655
92 235 106.118
92 1054 22.6064
93 644 34.6513
93 1019 48.0071
94 857 101.731
94 994 65.0493
95 296 51.0861
95 357 25.9595
96 129 36.133
96 260 54.3795
96 402 47.7649
96 985 1.13269
97 409 50.6494
97 635 39.2251
97 813 76.9792
98 142 100.552
98 916 71.6934
99 243 95.0487
99 303 56.5014
99 384 58.6294
100 307 75.2789
100 528 102.297
100 822 35.96
100 871 89.0634
100 982 65.768
101 112 32.2106
101 252 61.1902
101 345 28.6292
101 463 58.1947
101 969 30.1204
102 314 32.0288
102 379 67.2682
102 415 36.3074
102 769 46.5899
103 504 58.2469
103 539 43.8556
103 1065 75.6207
104 631 60.6085
104 759 45.9265
104 952 23.2798
105 119 49.7435
105 308 77.482
105 341 18.3146
105 419 73.0608
105 663 64.3278
106 870 85.5089
106 905 146.665
106 991 83.5389
107 434 57.3037
107 612 57.9077
107 748 56.8678
107 885 60.8943
107 971 5.2858
108 962 57.4466
108 1066 17.4912
108 1069 80.1051
109 152 84.8265
109 643 79.0249
109 718 64.049
109 720 60.2863
110 157 42.9884
110 585 94.4895
110 1037 60.1097
111 171 54.3977
111 437 5.59044
111 726 33.2032
111 857 72.4791
111 1012 30.7747
112 463 24.1205
112 918 91.3107
112 969 15.8071
113 246 61.8063
113 522 44.0096
113 880 96.5977
114 151 53.106
114 560 75.0891
114 562 122.607
115 198 44.5618
115 683 27.4165
115 795 22.5178
116 164 92.9066
116 230 47.6083
116 294 49.0615
116 411 52.7066
116 858 21.2748
117 523 30.5011
117 684 50.1594
118 514 80.7813
118 614 76.4156
119 341 47.347
119 419 18.1859
119 927 82.5478
120 192 102.523
120 332 85.9441
120 877 26.8805
121 184 127.119
121 749 70.8945
121 928 73.1538
122 363 50.1293
122 968 69.812
122 990 73.329
122 1027 82.482
123 248 48.4206
123 255 41.1239
123 666 84.8714
123 940 78.0608
124 376 57.9205
124 580 104.566
124 1015 111.3
125 706 101.903
125 1008 56.9676
125 1038 82.1257
126 299 13.3612
126 451 43.5954
126 733 12.8094
126 958 22.8719
127 321 72.953
127 530 44.6257
127 609 27.4286
127 628 64.439
128 188 84.5873
128 854 149.464
128 856 89.9974
129 260 49.5004
129 402 81.9915
129 736 49.7794
129 985 53.402
130 720 77.9626
130 897 40.5186
130 972 43.3999
131 186 70.054
131 516 96.0635
131 536 32.4266
132 297 100.028
132 393 94.3705
132 1028 82.2297
133 447 21.6288
133 485 47.628
133 624 59.7927
133 842 37.847
134 235 73.4447
134 820 93.8416
134 879 80.1275
135 309 88.4704
135 658 40.1383
135 741 117.211
136 356 78.4319
136 467 30.981
136 477 46.4953
136 561 88.6888
136 741 165.983
136 1052 81.1404
137 173 12.9791
137 653 61.6179
137 824 66.0414
138 214 49.5173
138 849 17.4134
138 901 70.45
138 923 76.6275
139 421 38.2474
139 599 102.135
139 606 145.273
139 620 12.0302
139 930 89.7389
139 1050 55.7839
140 495 57.0976
140 633 62.378
140 734 39.1258
141 193 91.4542
141 778 96.3436
141 976 63.212
141 1013 142.762
142 284 62.2218
142 369 63.3299
142 916 15.9433
143 524 49.3705
143 575 87.8675
143 841 76.953
144 365 49.5715
144 448 47.8666
144 870 63.0461
144 905 69.6442
144 906 124.949
144 1073 123.082
145 286 44.7294
145 518 56.7977
145 593 64.3486
145 691 98.6723
146 592 55.8216
146 792 70.9647
146 836 94.7382
147 216 144.552
147 258 187.063
147 735 112.328
148 160 113.33
148 285 72.7453
148 835 11.482
149 208 13.4001
149 640 51.2502
149 800 46.2557
150 550 41.4924
150 675 9.85919
150 889 72.4922
151 560 121.806
151 822 86.3824
151 871 147.845
152 643 96.5287
152 720 95.1062
153 302 22.8834
153 489 45.8412
153 1016 16.3641
153 1051 18.9156
154 311 67.5246
154 697 77.4109
154 992 69.6203
155 362 92.9856
155 582 28.0753
155 932 88.7302
155 963 163.126
156 322 72.0239
156 348 125.378
156 565 101.808
157 168 69.3611
157 452 40.2247
157 585 23.9827
158 211 112.06
158 709 3.89452
158 959 116.825
159 168 46.5446
159 989 32.2016
159 1037 46.9354
160 763 55.7314
160 835 98.8715
160 837 61.3502
161 272 105.152
161 755 12.5652
161 1023 41.2486
162 329 46.7815
162 645 13.8106
162 759 55.3606
163 304 61.775
163 551 87.6693
163 964 90.6681
164 294 22.9085
164 420 139.28
164 423 75.6501
164 858 58.3521
165 606 53.958
165 912 129.244
165 1050 121.54
166 235 62.9274
166 1054 68.1328
167 170 54.2563
167 527 68.0182
167 644 46.2335
168 452 45.2022
168 585 29.7946
168 989 60.5102
169 286 82.7543
169 355 35.3755
169 593 66.8111
169 855 48.9504
170 527 51.0148
170 839 54.0396
171 437 61.3032
172 280 43.7484
172 597 77.6481
172 810 62.6644
173 653 54.7488
173 824 85.0343
174 175 52.6154
174 244 84.4524
174 253 62.991
174 371 29.2218
174 383 37.5057
174 484 47.1683
175 264 63.2682
175 383 61.5535
176 215 27.5231
176 431 79.1764
176 712 44.5521
176 865 128.554
177 572 57.0874
177 829 13.714
177 840 69.4942
177 1042 56.95
178 390 113.256
178 847 142.146
178 928 98.32
179 231 119.33
179 422 54.0926
179 1055 97.8757
180 330 54.5252
180 903 76.2837
180 939 67.6563
180 1041 73.9892
180 1064 71.761
181 615 20.0895
181 691 122.229
181 790 14.5991
181 853 84.321
182 351 53.047
182 710 41.7108
182 898 36.1448
182 900 25.9277
183 333 31.2617
183 478 62.3019
183 655 59.0578
184 290 35.3154
184 749 43.9917
184 797 39.4383
185 202 114.651
185 623 87.9307
185 799 80.24
185 1037 74.6285
186 516 39.6533
186 536 40.0556
186 569 30.5366
187 255 38.4254
187 390 54.8387
187 847 32.3199
188 499 64.7351
188 727 46.7895
188 920 101.563
189 941 90.8126
189 997 84.862
190 213 30.1649
190 391 79.3882
190 743 24.6152
191 520 12.0824
191 614 53.5098
191 1027 125.274
192 529 104.114
192 722 114.334
192 877 62.2909
192 1055 113.968
193 391 76.7225
193 778 7.37475
194 726 99.0251
194 925 73.4162
194 1012 67.3744
195 361 42.0607
195 493 45.6362
195 554 33.6228
195 756 61.5173
195 805 88.21
196 259 81.0573
196 337 63.7657
196 650 42.0056
196 729 52.5498
197 227 74.3112
197 447 70.3992
197 587 56.2826
197 624 90.9414
198 301 33.2121
198 340 56.0264
198 543 79.0349
198 1056 95.5786
199 525 58.7015
199 685 84.7932
199 728 47.6598
199 1009 44.3362
200 336 48.0724
200 745 43.646
201 249 40.1961
201 303 84.7037
201 874 84.657
203 288 66.0726
203 318 154.227
203 476 32.636
204 502 69.8198
204 536 132.663
204 723 97.0447
205 498 63.5405
205 521 81.6881
205 557 44.3577
206 459 75.1363
206 596 55.9468
206 673 62.5292
206 1073 112.11
207 771 95.0671
207 898 68.441
207 953 54.7589
207 965 15.5787
208 640 66.7167
208 800 78.2366
208 879 84.6235
209 315 74.1304
209 568 13.7142
209 921 43.5069
210 339 23.7011
210 746 50.7482
211 220 87.5285
211 594 38.7725
211 709 110.924
211 959 67.8444
212 335 18.6913
212 647 26.0806
212 701 50.8034
212 882 68.9032
213 391 53.564
213 743 5.98349
214 849 31.3204
214 909 21.2456
214 923 15.9368
215 712 36.9328
215 984 81.3983
216 513 47.0355
216 661 127.331
216 735 91.9614
216 798 104.815
217 454 79.7056
217 834 14.5881
217 1024 84.6608
218 229 34.343
218 490 56.9524
218 767 75.0412
218 1055 86.3338
219 257 64.7313
219 344 70.3978
219 577 78.4842
219 980 55.2196
219 1053 25.9119
220 291 53.6212
220 327 59.6002
220 594 43.5735
221 469 48.6946
221 610 24.3922
221 689 60.0819
222 385 59.8966
222 472 64.3769
222 556 39.907
222 616 54.1539
222 884 93.1697
222 934 91.064
223 405 22.8909
223 611 83.8802
223 706 46.0453
223 783 112.915
224 989 101.751
225 440 89.0407
225 552 24.2094
225 873 44.4709
226 380 47.5925
226 480 58.1941
226 845 99.7722
227 742 60.6483
228 354 59.9909
228 607 39.0764
228 1059 55.0857
229 490 22.6963
229 767 39.2657
230 772 60.7511
230 858 37.317
231 422 58.5328
231 702 62.18
231 719 4.92796
232 492 79.1441
232 596 66.0521
232 864 21.2992
233 265 54.1245
233 396 60.9894
233 438 102.909
233 571 29.6112
233 886 32.6177
234 642 76.1135
234 760 80.1898
234 1060 19.9389
235 820 68.5666
236 459 24.459
236 540 24.572
237 535 18.586
237 621 20.3623
237 1046 50.3179
238 566 64.1719
238 701 38.0288
238 955 84.1905
238 998 51.0121
239 328 37.1067
239 531 35.1953
239 891 39.4366
239 938 27.4548
240 443 66.5121
240 538 28.6
240 809 23.2417
241 300 64.5846
241 443 73.6738
242 349 68.3087
242 716 63.8215
242 1042 55.4544
243 683 82.1399
243 950 90.8969
244 371 48.4641
244 383 34.1326
245 541 67.423
245 832 99.2271
246 480 95.2864
246 512 84.3958
247 298 31.9078
247 746 85.5513
247 770 54.3662
248 446 39.4229
248 532 58.0271
248 666 39.044
249 303 70.1561
249 874 58.689
250 375 20.8796
250 441 65.9725
250 838 102.441
251 289 47.6517
251 401 49.9391
251 494 46.1036
251 787 19.7496
252 345 67.2698
252 918 114.489
252 969 64.2308
253 484 13.5362
253 745 71.3537
254 322 92.9557
254 514 112.82
255 847 60.2427
255 940 36.9139
256 342 35.7872
256 638 4.92469
256 846 53.7001
257 312 21.4785
257 344 60.2549
257 659 48.7158
258 324 48.0395
258 417 49.2626
258 661 108.031
259 650 27.2199
259 957 59.5061
260 736 80.9103
261 351 57.3561
261 531 46.8922
261 900 53.9894
262 474 114.86
262 830 35.6823
262 933 55.419
263 851 103.792
263 952 124.185
263 966 38.0308
264 425 72.4757
264 553 46.2868
265 396 16.1666
265 761 69.9956
266 382 49.8612
266 651 39.4897
266 911 22.9863
267 287 59.2891
267 641 48.96
267 682 80.1494
267 1007 56.4346
268 292 48.0218
268 708 65.7218
268 744 18.711
268 1025 70.1076
269 386 61.0776
269 694 61.1994
269 869 80.7135
269 902 45.6285
270 358 15.1313
270 742 57.2932
270 833 39.3709
270 981 44.718
271 439 100.275
271 575 14.7994
271 991 125.808
272 532 107.502
272 755 76.5378
273 700 43.1428
273 862 59.9722
273 992 52.3868
274 412 80.7151
274 1014 67.5548
275 424 124.298
275 797 68.9776
275 889 51.1072
275 1040 19.9995
276 281 86.53
276 491 7.59486
276 752 79.926
276 920 65.176
277 378 134.518
277 488 32.2211
277 774 72.0393
278 288 89.3442
278 964 37.1116
279 634 113.485
279 850 75.8578
279 1029 109.313
280 420 77.683
280 810 79.7849
281 491 49.4361
281 672 28.0749
281 924 27.0117
281 1072 34.1995
282 879 37.8974
282 908 76.321
282 1026 86.1293
283 453 116.755
283 583 81.8071
284 543 99.3786
284 1056 76.8592
285 835 107.189
286 593 61.2267
287 602 48.0742
287 641 42.3502
287 681 44.6342
287 1007 57.8817
288 476 94.6144
289 559 52.2487
289 787 50.6785
290 576 51.1646
290 664 66.4356
290 1001 18.3622
291 327 66.0712
291 594 57.9835
291 959 64.8127
292 500 83.3166
292 744 30.3796
292 1025 24.1669
293 545 51.5811
293 804 112.794
293 1045 28.2356
294 858 65.3622
294 907 70.3466
295 702 87.3848
295 868 75.6771
295 1024 104.754
296 357 69.7008
296 372 31.895
296 913 109.959
297 393 8.43781
297 589 54.3496
298 746 70.6797
298 788 91.2589
299 636 14.1184
299 733 35.8434
299 958 51.1665
299 1062 60.3106
300 305 115.769
300 703 103.802
301 340 19.0295
301 543 97.3106
301 1056 52.6166
302 392 28.5506
302 460 38.9974
303 384 50.5494
303 874 78.1178
303 950 88.4297
304 412 117.597
305 462 41.8854
305 703 32.1425
305 883 69.3123
306 699 57.1516
306 867 30.2654
306 886 81.4918
306 960 42.8613
306 1033 61.2871
307 311 92.7758
307 528 71.4092
307 822 72.679
307 982 47.4605
308 623 56.7025
308 799 34.3684
309 519 150.482
309 658 105.821
309 942 41.1077
310 464 36.1078
310 764 27.9847
310 859 53.6982
311 528 79.8916
311 697 84.9857
312 344 50.9818
312 577 82.2521
312 659 51.0056
313 346 121.652
313 494 147.658
314 379 52.4514
314 415 57.1278
314 769 56.7742
315 479 66.4452
315 498 96.1466
315 521 38.449
315 568 79.7502
315 711 32.7897
315 825 67.4913
316 802 38.5826
316 953 33.2156
316 954 48.1681
317 324 37.7948
317 417 57.3409
317 949 64.2533
318 326 82.762
318 476 101.335
318 930 79.7979
318 944 52.2764
319 333 53.4573
319 343 1.18729
319 814 93.9898
320 657 63.4785
320 667 75.9977
321 487 109.767
321 609 36.7973
321 980 108.156
323 549 107.874
323 895 28.7851
323 976 35.3513
324 417 33.1189
324 949 78.7266
325 534 33.4792
325 595 67.0203
325 721 29.321
325 1044 13.9071
326 350 17.0925
326 957 55.5394
327 504 62.2105
328 584 110.697
328 891 17.4454
328 938 47.8233
329 368 14.7123
329 617 61.2916
330 342 47.1772
330 903 7.77581
331 875 72.5933
331 910 87.1248
331 1061 43.3741
332 884 92.7003
332 934 82.862
333 343 31.3781
333 478 63.3788
334 429 93.4531
334 547 17.9822
334 680 85.1505
334 973 76.4267
334 1070 99.3214
335 647 34.0359
335 882 42.4599
336 745 52.891
336 768 86.0338
336 945 93.0018
336 995 55.3676
337 729 39.9646
337 812 48.5243
337 818 57.8917
338 372 62.9497
338 486 58.2132
338 678 50.8066
338 913 83.8949
338 1022 47.3602
339 746 62.9115
339 914 82.4801
340 497 59.486
340 1056 38.2193
341 419 48.9031
341 648 69.9535
342 638 49.5755
342 903 29.2806
343 814 92.2779
344 577 58.6158
344 1053 102.266
345 969 71.6991
346 785 72.7098
346 943 25.6419
346 1070 43.9488
347 398 110.369
347 740 76.2416
347 1015 15.4713
348 565 98.5467
348 754 92.725
349 387 32.5303
349 584 66.5812
349 716 68.8576
349 1042 58.572
350 957 55.2471
351 900 42.7389
352 492 63.9028
352 596 72.8246
352 673 32.4076
353 455 61.8155
353 684 46.4202
354 1030 32.2513
354 1059 89.0622
355 844 50.3296
355 855 36.8196
356 467 46.045
356 477 21.97
356 791 75.1852
358 742 26.1114
358 833 62.4075
358 981 41.5584
359 433 54.1228
359 782 53.699
359 1025 49.8009
360 957 77.5824
360 1068 39.0286
361 554 58.6697
361 598 40.2887
362 582 69.1619
362 1018 42.098
363 570 52.4108
363 990 41.1905
364 750 120.125
364 828 96.4431
364 1058 40.8644
365 439 62.6472
365 448 64.5997
365 841 106.23
365 864 75.6644
366 475 86.5073
366 503 42.3041
366 655 59.3714
366 968 50.9633
367 686 53.7523
367 1000 46.2039
367 1049 48.0891
368 617 33.7291
369 399 75.4414
369 466 88.4243
369 916 77.9512
370 544 67.7457
370 588 33.9425
370 806 45.8967
370 970 87.8862
371 383 43.3883
372 913 43.8028
373 388 82.6142
373 466 45.2167
373 709 95.2316
374 508 61.8702
374 1063 73.5741
375 441 87.6964
375 838 89.9286
376 627 70.7606
376 779 74.6983
376 831 29.5434
377 549 38.3081
377 605 45.1021
377 632 78.4592
378 1010 88.3261
378 1011 64.1203
378 1023 85.9447
379 769 51.3306
380 394 102.694
380 817 119.91
380 1047 61.9478
381 507 41.4152
381 558 21.7589
381 890 97.5782
382 518 97.1444
382 651 57.1733
382 911 46.9392
383 465 76.4214
383 948 90.5848
384 538 109.232
385 556 20.6701
385 616 40.3776
385 884 43.4398
386 665 51.1438
386 769 53.2419
386 807 88.4326
387 584 43.8478
387 987 38.4218
388 435 71.718
388 466 124.018
388 737 52.3928
389 429 97.1142
389 656 52.7476
390 847 22.4027
390 927 104.163
391 447 76.0957
391 743 62.6816
391 778 50.955
392 399 82.9561
392 460 2.56555
392 668 36.3548
393 589 59.3905
394 442 112.95
394 817 53.364
395 619 54.3822
395 979 46.8716
395 999 37.9681
396 761 45.6363
397 401 63.4261
397 406 84.7873
397 586 110.786
397 618 58.7522
398 986 123.114
398 1015 113.313
399 460 53.7364
400 499 95.4339
400 727 153.376
400 752 150.669
401 618 28.4871
401 787 60.7758
402 985 85.4628
403 634 126.199
403 1033 96.8871
403 1039 112.349
404 613 22.9633
404 637 78.6974
404 692 55.6799
405 706 27.7832
405 1008 89.4018
406 586 38.0724
407 408 25.7392
407 670 60.313
407 1028 27.766
408 715 30.8116
408 881 71.5999
408 1028 38.7648
409 580 79.5892
409 635 42.4413
409 813 40.8147
410 639 52.3989
410 997 86.0139
411 872 67.0731
411 996 18.1443
412 1014 63.1719
413 776 48.0868
413 816 43.2491
413 851 33.8018
413 1017 45.1799
414 562 33.7376
414 812 89.9793
414 988 20.3587
415 769 81.5868
415 721 48.07
416 506 153.823
418 515 41.2903
418 800 30.9139
420 423 88.4491
420 810 38.6588
421 599 76.1364
421 620 62.264
421 930 38.5965
421 944 49.8552
422 719 74.887
423 1017 55.4527
424 889 103.751
425 513 55.7063
425 798 33.5794
425 887 23.5083
426 449 23.7463
426 789 60.8414
426 978 37.6091
427 760 85.1376
427 904 96.8198
427 1043 14.5513
428 592 85.3406
428 792 36.3683
428 836 78.7819
429 680 59.5422
429 922 46.1083
430 510 73.8441
430 725 77.2241
430 1032 65.4012
431 717 63.1326
431 793 17.8067
431 819 63.8895
432 611 43.2553
432 976 89.5976
433 782 14.7446
434 612 55.789
434 971 52.1202
435 436 30.7731
435 670 51.4149
436 670 24.6213
437 726 46.8228
437 1012 30.6756
438 571 58.7922
438 597 47.2894
439 448 66.8644
439 870 68.6186
440 869 58.8121
440 873 63.1124
441 481 55.5671
441 838 5.3808
442 817 35.9577
442 845 61.7352
443 809 56.1723
444 541 92.798
444 947 98.4968
445 462 76.011
445 896 74.4714
445 1031 50.9696
446 532 24.5576
446 666 74.9262
446 839 72.2836
447 485 57.2975
447 842 57.0693
448 870 4.41628
448 905 19.2257
449 505 88.4271
449 789 65.2159
449 978 17.2763
450 641 102.03
450 652 108.236
450 866 70.9477
451 845 66.4496
451 958 51.2327
451 1062 43.0787
452 585 29.5118
453 468 91.2491
453 470 68.2988
453 974 52.5251
454 834 74.792
455 523 41.0986
455 863 7.50831
455 967 74.5215
456 551 70.8242
456 567 109.135
457 690 93.6354
457 761 74.8004
457 1014 56.7555
457 1021 55.9214
458 529 29.2754
458 639 107.711
458 722 50.5377
459 540 60.921
459 673 68.4404
460 668 49.2597
460 1006 51.7813
461 605 45.8984
461 632 51.7422
461 801 30.8825
461 931 75.8063
462 703 81.6515
462 883 72.2813
462 896 56.6625
463 969 51.8939
463 1031 62.7413
464 695 28.299
464 764 99.2412
464 803 51.0598
464 859 48.3457
465 603 87.6317
465 948 10.8768
467 477 23.2442
468 470 23.9845
468 974 57.4792
468 1003 127.714
469 610 53.9075
469 689 22.4811
471 483 18.821
471 780 42.7817
471 941 38.2513
472 522 74.7574
472 880 40.776
473 814 45.1044
473 878 31.9778
473 925 69.0892
474 830 86.6974
474 933 156.262
475 655 64.0451
475 1059 125.055
479 711 40.1654
479 825 41.5798
479 977 65.9265
480 1062 92.327
481 514 63.9516
481 823 51.9628
481 838 69.9763
482 626 64.1762
482 662 24.6455
483 564 40.823
483 780 18.6557
483 941 34.6435
483 997 61.7247
484 887 70.0396
485 842 26.8087
485 861 123.421
486 678 73.7608
486 1022 61.529
487 526 74.9533
487 615 74.377
487 853 72.6977
488 774 26.8149
488 775 64.3301
489 687 65.2885
489 1006 28.9487
489 1016 35.5662
489 1051 41.3197
490 767 42.5122
491 752 70.5665
491 920 77.2687
492 596 74.1358
493 554 25.6294
493 756 45.8221
493 893 62.5739
494 787 58.3245
494 1003 64.377
495 734 75.1962
495 993 63.0881
496 737 28.044
496 826 29.1438
496 863 69.1269
497 508 73.0941
497 1063 65.3371
498 521 76.5808
498 1048 56.5345
499 727 12.4809
500 588 59.3619
500 1025 56.5703
501 507 32.8812
501 558 59.7732
501 896 19.6522
502 653 67.4358
502 723 25.5582
504 539 102.205
505 517 55.8283
505 560 91.3885
505 789 24.8955
506 511 157.752
506 545 75.9302
507 558 42.3028
507 890 95.2168
507 896 52.263
508 794 87.2018
508 1063 27.8839
509 657 80.3015
509 667 79.7601
509 1065 39.8176
510 649 16.3721
510 679 15.9396
510 725 31.8626
510 1032 16.7058
511 860 96.0749
511 907 69.6051
511 937 49.0724
512 919 13.2311
512 993 72.7634
513 661 74.2762
513 735 113.762
513 798 46.7743
514 823 37.6478
515 800 83.95
516 569 84.7745
516 730 43.1407
517 560 54.2858
517 789 48.4981
518 691 9.63853
519 942 75.6864
519 946 86.974
520 614 56.6805
520 1027 142.131
521 557 94.9465
521 711 68.8908
522 880 38.3258
523 684 37.8318
524 841 32.5621
525 823 100.738
525 1009 33.7351
526 615 73.1457
526 790 74.534
526 853 17.8305
527 839 81.8713
528 658 144.049
528 942 133.214
529 639 69.1489
529 722 15.7325
530 609 52.4075
530 628 90.4675
531 891 57.3637
532 839 41.1737
533 917 50.4552
533 935 21.0072
533 1057 37.6778
534 595 86.6376
534 1044 66.186
535 621 29.5751
535 1046 25.4267
536 569 65.8586
536 730 79.2659
537 796 38.2521
537 828 59.5992
537 956 100.322
538 809 53.5298
539 1065 62.4819
541 832 69.7303
542 648 73.8241
542 910 37.0207
542 932 153.267
542 963 78.1259
544 808 54.4032
544 894 20.087
545 1045 44.9281
546 862 73.2104
546 899 43.7224
546 946 80.2964
547 574 90.9291
547 973 54.8532
548 686 51.5378
548 1000 37.5434
548 1036 35.1979
549 605 115.02
550 675 32.7818
550 889 70.1237
551 567 76.0112
552 873 83.2279
553 603 91.7172
554 756 75.6814
555 786 52.8674
555 938 62.1794
556 616 53.5603
556 884 37.9629
557 1038 61.7194
558 890 63.7978
559 736 43.4306
559 929 12.7848
561 815 86.3454
561 1052 13.6403
562 812 73.44
562 988 76.4084
563 572 27.613
564 780 31.7247
564 997 43.6535
565 754 46.5426
565 1005 77.8531
566 701 91.9006
566 955 32.3374
568 893 76.6402
568 921 20.3938
570 990 13.1648
571 597 49.5507
571 886 52.8008
572 829 70.2382
573 785 60.6699
573 973 67.6098
573 1041 17.5713
574 629 43.0475
574 939 46.467
574 973 74.5826
575 991 203.184
576 1001 24.4761
576 1018 34.6075
578 961 34.4547
578 993 102.592
579 630 63.5076
579 660 41.517
579 852 42.9856
580 813 42.7986
580 831 86.6551
581 1047 50.3113
582 1018 96.1275
583 656 125.65
583 677 39.8131
583 704 35.9296
583 951 87.1609
584 716 100.047
586 618 177.623
587 624 59.3738
587 742 48.0998
588 806 69.3489
588 970 89.0706
589 625 54.9603
589 688 46.2883
589 975 97.137
590 591 36.0498
590 696 48.3778
590 1064 48.0657
591 696 25.7353
591 1064 51.9903
592 729 55.557
593 855 76.8938
594 959 67.3455
595 721 60.9296
595 1044 48.3456
596 864 85.0529
598 805 45.635
598 967 33.2216
599 620 88.1463
600 601 24.5181
600 669 111.04
600 781 29.0084
600 899 43.2296
601 781 11.8481
601 899 61.831
602 681 18.2292
602 1007 54.5225
603 948 65.7342
604 653 58.2917
604 723 42.117
604 892 27.9544
605 738 92.1667
606 1050 68.4914
607 968 91.7246
607 1027 66.3931
608 840 36.0351
608 987 65.8481
610 689 54.3991
610 821 76.3782
612 915 101.933
612 950 62.8416
613 692 56.1783
613 1048 51.8708
615 790 12.2307
615 853 57.4068
618 787 36.6668
619 801 64.2146
619 999 54.6972
620 1050 88.5203
621 708 46.0515
621 1046 46.5017
622 677 78.8269
622 704 104.473
622 951 50.9885
623 799 21.5602
625 688 38.8532
625 975 57.691
626 662 53.5764
626 685 74.4849
626 788 123.684
627 724 28.6488
627 779 66.1767
627 831 33.3215
628 855 60.2609
629 939 33.8155
630 676 61.9451
630 804 56.6554
630 846 76.9745
631 759 117.393
631 952 88.6833
632 801 44.577
632 1035 10.8882
633 734 70.2212
633 934 58.2765
634 1039 58.9431
635 813 60.4519
636 1062 63.9553
637 705 63.5593
637 1048 57.269
638 676 39.7183
638 846 49.5314
639 722 54.3505
639 786 84.3998
640 800 27.8539
640 848 53.8573
641 671 116.331
641 751 53.5159
642 760 33.0277
642 1060 49.5267
642 1067 75.0538
643 718 76.3392
645 759 31.2704
646 815 72.7422
646 1020 98.5982
647 701 25.5123
647 998 44.2381
648 799 96.1725
648 910 69.0131
649 679 7.28832
649 979 57.6162
649 1032 29.1453
651 911 59.3529
652 765 99.8164
652 784 29.3562
652 866 62.1845
653 723 71.8695
653 824 52.475
653 892 39.7559
654 740 41.4701
654 947 66.8938
654 1020 84.6619
656 677 87.5761
657 667 50.4294
657 1065 36.6164
659 777 74.0378
660 672 51.7118
660 852 78.5382
660 924 32.8013
660 1072 35.4043
663 926 71.8559
663 927 40.497
664 1001 75.4015
664 1067 81.7806
665 713 41.2031
665 807 25.5162
668 684 70.9271
669 718 115.554
669 946 44.7576
671 751 119.986
671 983 17.6499
672 924 17.6474
672 1072 29.9091
674 770 73.3184
674 1054 63.5025
674 1067 60.8822
675 889 46.6524
676 846 15.646
677 704 14.7699
677 951 31.222
678 1022 17.9369
679 725 40.8262
679 1032 45.1929
680 922 30.6155
681 1007 50.1554
682 724 117.679
683 795 21.4597
683 885 67.9259
685 728 103.688
685 1009 74.0672
686 1000 26.1266
686 1036 45.0576
687 848 70.2114
687 1006 9.67619
688 975 22.4578
690 861 48.6458
690 1021 9.93884
692 914 45.2311
692 977 66.6544
692 1048 84.9535
693 714 76.6023
693 732 54.8849
693 739 79.5586
693 757 67.7764
694 713 84.6433
694 902 18.8743
695 803 52.5992
695 859 68.1271
695 895 41.1707
696 954 27.0672
697 836 65.9195
697 982 64.2157
698 772 32.9767
698 776 59.4422
699 867 15.0836
700 862 108.766
700 992 53.1067
701 998 17.5753
702 719 50.8516
702 868 24.2246
702 1024 24.372
703 883 77.1605
704 951 28.3411
705 897 102.383
706 1008 54.3133
707 710 52.9047
707 758 19.574
707 900 35.1934
708 744 44.8194
709 959 100.346
710 758 62.6022
710 900 73.5241
711 825 40.2523
712 819 72.5708
712 984 53.9424
712 1071 89.5243
713 807 36.6214
714 739 53.124
714 757 99.7375
715 881 28.3558
715 1028 31.8987
716 877 127.938
717 793 60.0994
717 865 77.5577
717 962 14.4635
717 1066 81.6143
718 821 115.224
721 1044 38.3817
724 779 36.3096
724 831 64.5459
725 1032 15.343
726 857 19.0401
726 1012 32.9447
728 788 50.3177
729 818 56.6219
730 931 56.6153
731 766 27.6494
731 1002 68.0448
731 1005 81.1988
732 757 38.4182
733 958 14.5409
735 798 78.5469
736 929 40.4702
737 826 46.0222
738 931 109.418
738 1013 85.3481
740 1015 113.74
741 754 146.793
747 775 39.7753
747 777 59.4191
747 844 61.8049
748 885 26.2741
748 971 60.5371
749 928 157.39
749 1010 78.2443
750 1058 134.501
751 762 50.9146
751 827 60.2358
751 1004 65.0482
752 922 103.701
753 762 57.6471
753 791 26.043
753 1004 55.0301
754 1057 59.343
755 1023 72.2868
758 900 83.7387
759 952 113.364
760 1043 93.0641
760 1060 64.7333
761 1014 59.1224
762 827 43.9538
762 1004 7.23462
763 936 114.147
764 859 70.0604
765 784 75.5729
765 866 122.821
766 917 37.7443
766 983 130.636
766 1002 61.8015
768 945 2.52167
768 995 63.2356
771 953 87.8456
771 965 86.3503
772 776 51.1116
773 850 70.062
773 912 33.2985
773 1029 27.9252
774 775 114.157
775 1019 82.0387
776 816 42.0184
776 1017 54.3756
777 844 90.1158
779 1020 100.829
781 899 66.8553
781 901 96.3327
784 866 95.7574
785 943 73.7475
785 973 22.378
785 1070 53.7521
789 978 94.3987
790 853 49.7503
791 1004 60.3515
792 836 24.1265
793 819 80.618
793 962 61.5071
794 936 61.094
794 1063 64.4188
795 885 44.5934
796 828 64.323
796 1058 85.4591
797 1010 64.4102
797 1040 42.4137
798 887 83.376
801 931 126.558
801 1035 61.2495
802 953 50.42
802 954 26.849
803 895 59.7151
804 903 107.178
804 1045 64.8101
805 826 61.5441
806 888 61.9499
806 1034 46.3853
808 894 54.9166
811 832 53.1692
811 843 54.1882
811 876 26.6203
812 818 48.7694
815 1052 57.771
816 851 63.7999
816 966 77.9256
819 984 85.1285
819 1071 87.7356
820 1061 75.109
821 1049 98.9364
822 982 52.3471
824 892 40.0094
826 863 49.6371
827 935 36.8562
827 1004 54.6131
828 956 98.0115
830 933 70.9532
832 876 49.0472
833 981 21.202
834 1038 98.0792
835 837 74.6421
837 888 99.6601
837 1034 84.7972
842 1013 103.078
843 876 74.9965
843 978 91.5129
848 908 38.5748
848 1006 50.6627
849 909 64.131
849 923 42.6195
850 912 76.6814
850 1029 57.8066
851 966 71.2934
852 937 90.2322
854 856 36.2626
854 872 22.7415
854 920 75.9732
854 996 36.0173
856 872 63.8449
856 996 42.5856
857 994 68.0477
857 1012 53.9357
860 907 21.9433
860 937 103.178
861 1021 69.0276
862 899 75.142
862 992 61.661
863 967 68.2229
867 1039 60.1987
868 1024 1.34962
869 902 52.6506
870 905 9.86685
872 996 53.0812
873 1030 77.8937
874 915 30.0806
875 1026 29.0603
875 1061 68.0826
876 986 125.63
878 925 53.8533
878 994 91.4475
879 908 56.5092
885 971 52.0821
888 1034 53.538
891 938 62.8428
893 921 81.0179
895 976 72.696
896 1031 115.598
897 972 21.8558
898 965 42.3945
899 946 59.6797
901 909 94.3196
904 1043 60.8687
905 906 93.93
906 1073 35.9348
907 937 119.979
909 923 32.3175
912 1029 80.3133
914 977 63.5026
917 935 46.49
917 1002 64.343
918 969 81.692
919 993 95.4645
924 1072 27.0051
926 927 56.9613
926 933 57.8509
930 944 6.2409
930 1050 116.288
932 963 15.4851
935 1057 54.1296
939 1041 79.577
941 997 75.4839
943 1070 80.4203
945 995 70.8364
947 1020 22.673
953 954 31.4564
953 965 59.5193
956 1046 92.0245
957 1068 127.438
960 1033 27.5812
960 1039 45.3215
962 1066 58.7376
962 1069 105.996
968 1027 80.7165
970 1034 76.5518
974 1003 89.0997
977 1048 54.709
979 999 68.407
980 1053 11.5904
983 1002 112.708
984 1071 123.995
989 1037 65.3163
999 1035 64.6373
1000 1036 33.4896
1001 1018 40.1319
1010 1011 42.7142
1016 1026 80.436
1016 1051 11.6855
1026 1051 78.3867
1030 1059 97.0091
1033 1039 81.7776
1066 1069 93.5763
