1000 1331
0 4948.63 4779.74
1 1748.59 4470.55
2 1471.09 2288.74
3 1905.5 259.478
4 687.585 955.128
5 1651.91 72.464
6 1775.59 2732.87
7 2612.97 4877.41
8 3581.65 4639.43
9 2740.43 2420.55
10 4662.96 1509.75
11 3496.02 2614.26
12 1657.72 2996.73
13 2734.43 2323.86
14 2517.24 2549.65
15 3026.36 1985.14
16 2070.39 4471.59
17 1221 188.43
18 2094.95 1842.76
19 4420.12 1735.81
20 1776.61 4510.58
21 3292.51 4735.37
22 222.001 2370.49
23 1475.89 4155.38
24 3324.37 3933.66
25 1892.81 4518.63
26 2693.54 1621.95
27 4443.31 4522.78
28 4249.49 3401.92
29 4807.97 490.852
30 1220.33 1712.66
31 4527.13 2600.66
32 3645.87 312.689
33 2843.65 4299.24
34 4941.09 4445.93
35 1689.49 34.4587
36 3357.58 692.504
37 3085.52 19.8229
38 4450.59 1402.96
39 4420.22 3187.16
40 2957.92 791.686
41 1317.97 1969.97
42 3381.58 3585.46
43 1150.58 834.532
44 4721.08 231.475
45 902.828 775.597
46 2088.03 2465.1
47 2359.9 4067.12
48 258.319 1725.72
49 1123.89 4038.18
50 2846.94 3630.74
51 432.818 2119.98
52 520.283 3397.01
53 3027.84 1237.33
54 1477.78 3273.88
55 3832.16 2638.55
56 1128.05 4238.05
57 185.863 641.825
58 148.736 1297.36
59 950.276 4142.73
60 3983.59 2313.83
61 3268.33 301.411
62 3484.44 4758.78
63 3396.03 2495.86
64 1877.37 2635.07
65 4284.92 4711.16
66 2236.94 2603.95
67 1088.22 2826.38
68 4441.26 4338.97
69 3889.58 642.085
70 724.202 302.347
71 2367.04 807.617
72 1070.32 2664.61
73 2968.39 1491.38
74 3476.58 4050.86
75 3567.37 632.467
76 2523.82 143.957
77 4407.72 1395.5
78 3178.25 192.564
79 4735.37 1428.42
80 1840.8 3751.54
81 4952.07 4044.18
82 3409.37 2627.32
83 781.775 3390.62
84 3878.54 195.455
85 1364.15 3515.92
86 3906.3 1252.06
87 2801.83 319.285
88 108.394 2429.6
89 2233.27 3326.99
90 3083.67 1681.47
91 4655.94 1469.96
92 3876.96 328.155
93 4618.08 2351.37
94 3255.67 3399.52
95 715.881 4217.55
96 2889.21 2732.83
97 2529.79 2838.9
98 3714.5 3276.63
99 1210.42 2541.77
100 388.385 2493.73
101 3494.96 2295.25
102 1972.37 3291.08
103 1018.35 3640.25
104 604.96 4.20889
105 255.929 2284.91
106 678.964 4665.91
107 3869.44 4279.34
108 2763.1 4984.08
109 2791.84 3617.1
110 2178.54 2721.92
111 1167.75 1076.53
112 3802.92 4042.76
113 2478.34 3724.16
114 1788.76 789.086
115 2479.74 960.275
116 1236.35 1106.32
117 1936.31 1827.79
118 4968.9 2170.47
119 3136.33 3143.08
120 4439.3 3225.64
121 2222.26 3668.31
122 3606.81 3497.3
123 1844.39 3233.73
124 4278.4 4614.87
125 4795.98 4035.31
126 1939.18 3238.44
127 1683.72 4290.29
128 1052.74 2810.41
129 4978.15 4668.53
130 130.776 21.9033
131 3171.09 3745.88
132 3847.89 2566.84
133 2419.95 2055.89
134 4322.75 1025.75
135 3800.52 1605.15
136 4428.54 934.979
137 1584.78 3347.33
138 698.236 3997.61
139 4177.12 1874.35
140 1072.96 2896.73
141 3415.61 1493.42
142 1846.15 2163.76
143 3814.21 3425.38
144 4730.42 581.48
145 4055.02 2344.3
146 1580.93 2497.65
147 2509.45 2222.65
148 344.923 1261.58
149 3915.19 1416.45
150 1492.4 85.6953
151 4722.71 3203.47
152 3032.83 4488.91
153 2282.61 318.833
154 852.131 4488.05
155 1504.59 2644.78
156 2241.75 1431.08
157 2317.53 4600.83
158 4027.8 4600.59
159 2197.79 2495.8
160 4681.53 1856.97
161 2182.47 2509.16
162 471.783 2942.34
163 3059.74 1056.14
164 516.212 1394.26
165 2907.43 2964.87
166 4870.21 4466.47
167 3998.38 2725.09
168 3938.51 4172.89
169 3705.82 887.158
170 1333.63 4434.41
171 914.607 3532.3
172 1815.29 699.42
173 2806.22 260.078
174 4268.74 2001.43
175 2372.26 2250.51
176 166.842 1610.08
177 63.4622 4721.61
178 250.567 3407.32
179 3131.98 605.792
180 3255.21 122.997
181 755.752 3527.51
182 585.009 346.819
183 4879.08 145.886
184 495.357 2897.7
185 1980.85 1686.68
186 1650.27 3336.73
187 786.97 1253.59
188 2304.64 4184.73
189 3390.02 1363.11
190 1117.18 2783.23
191 30.014 4560.12
192 4898.46 4086.51
193 3368.59 1128.46
194 2082.46 612.111
195 2370.74 1841.46
196 2695.96 1913.25
197 897.153 4164.94
198 1943.11 1932.3
199 2758 4973.43
200 705.188 826.918
201 2095.92 4956.84
202 1071.52 1472.23
203 536.049 3968.01
204 2552.23 4472.45
205 4059.86 1832.97
206 1241.92 3638.83
207 4097.65 2991.72
208 2353.23 1484.44
209 3919.97 3896.85
210 2732.72 2014.69
211 4986.27 1206.68
212 4204.25 337.165
213 1744.84 1820.19
214 4789.27 3469.77
215 3927.42 4061.51
216 2778.41 2490.05
217 1913.06 1854.03
218 3043.88 2830.57
219 1949.51 3374.31
220 2383.09 1096.47
221 82.6625 4048.94
222 3418.71 4287.32
223 4242.73 4865.82
224 2913.6 1406.59
225 4198.07 4649.18
226 2984.32 2430.15
227 4515.41 3385.52
228 4442.71 2682.61
229 4614.34 2466.37
230 3690.43 2760.49
231 1555.74 4748.22
232 2822.65 642.373
233 684.215 4949.35
234 3299.15 3807.05
235 1471.59 2514.73
236 3392.51 400.398
237 427.139 669.603
238 1540.21 115.597
239 1077.85 482.436
240 350.315 4297.79
241 636.035 4308.81
242 3576.36 919.24
243 4336.94 2299.82
244 80.0856 2955.66
245 1528.6 200.865
246 3448.51 2535.09
247 3011.11 4612.4
248 3104.05 2197.9
249 2928.7 2668.89
250 3989.38 602.325
251 429.635 1372.82
252 3677.25 572.331
253 3120.38 2330.71
254 4876.71 3257.38
255 240.656 3059.15
256 551.737 4008.09
257 2530.04 9.66733
258 3917.98 1029.03
259 4876.49 240.863
260 916.242 55.8711
261 4656.83 1889.78
262 3525.57 2039.84
263 2185.12 4161.09
264 2804.9 4848.79
265 1693.81 4531.28
266 2411.1 1581.86
267 3404.64 2733.55
268 1458.06 1551.14
269 1365.23 2254.55
270 3016.63 4011.57
271 1765.78 1921.16
272 3601.37 3739.34
273 3796.2 2447.76
274 1612.55 3751.82
275 903.973 4715.3
276 1283.22 1938.35
277 1375.31 678.237
278 569.336 1518.99
279 162.251 45.0527
280 2582.79 2566.45
281 1313.9 3388.85
282 2701.77 3762.54
283 4455.11 3603.8
284 2448.26 370.958
285 4466.68 1939.34
286 1577.75 3733.7
287 3730.48 4324.7
288 1872.19 4441.56
289 4560.58 3567.3
290 1805.9 4079.51
291 1072.68 3388.94
292 1556.48 3883.82
293 2221.14 1171.38
294 399.884 3191.13
295 1995.91 2575.24
296 1486.97 215.413
297 2152.1 765.288
298 2992.69 4236.08
299 1687.78 4685.54
300 1128.71 4977.14
301 493.906 4444.93
302 1382.94 137.956
303 2476.46 2507.69
304 2726.11 491.151
305 3137.9 2771.33
306 2459.2 4978.84
307 1117.68 4316.75
308 3077.57 3638.15
309 377.454 4273.09
310 1228.19 1248.3
311 1006.97 2482.52
312 3669.55 681.529
313 464.564 1896.95
314 1723.93 1622.13
315 1269.25 1624.07
316 846.523 4249.56
317 3561.14 2957
318 1106.1 4212.12
319 3379.63 1603.53
320 2380.09 4347.01
321 4780.5 729.836
322 4508.64 2363.47
323 4599.1 1693.42
324 970.025 639.376
325 2713.8 1075.32
326 2780.37 4156.31
327 481.678 1386.85
328 1666.63 1088.52
329 209.951 1033.63
330 873.26 1430.13
331 2343.24 452.308
332 2698.7 1089.92
333 2736.25 3748.61
334 3116.8 2666.09
335 1060.96 659.788
336 4964.29 4607.4
337 4829.36 3553.31
338 1683.36 3363.64
339 582.341 1698.39
340 270.067 602.462
341 3382.59 1392.68
342 1953.54 2690.36
343 3326.31 975.637
344 3217.93 4488.53
345 1424.02 1263.6
346 1332 2158.02
347 4570.73 902.557
348 946.506 2135.17
349 566.07 2333.53
350 3978.41 228.29
351 1278.83 2380.32
352 2444.31 117.618
353 636.87 3446.26
354 1899.77 2332.33
355 4331.72 3244.64
356 400.509 1754.7
357 965.891 4276.36
358 1732.57 44.7692
359 2661.18 3874.36
360 3865.33 4392.43
361 626.319 70.3005
362 1186.96 641.871
363 4920.84 3884.11
364 291.653 9.26457
365 1401.27 3525.26
366 3140.38 3197.87
367 1416.17 3675.19
368 3646.59 2123.17
369 4497.46 4586.4
370 1065.24 4298.01
371 2558.51 521.986
372 3788.58 4744.52
373 3174.75 4189.96
374 2295.04 2307.75
375 1180.08 2456.92
376 2283.39 2948.43
377 2248.27 4338.87
378 1618.61 3777.1
379 446.665 4752.61
380 1718.89 1747.29
381 4391.58 2782.51
382 589.558 2030.96
383 3370.31 3741.41
384 3764.35 3711.51
385 133.629 4264.1
386 3516.7 413.485
387 3905.08 4568.8
388 2895.33 1643.15
389 1951.52 1927.36
390 3256.6 4799.66
391 2344.32 222.78
392 2995.61 2946.94
393 1983.01 4426.43
394 4776.02 847.568
395 2987.08 1357.6
396 2876.24 1964.74
397 1740.15 4726.87
398 3362.01 1395.59
399 4141.15 3073
400 1519.9 4758.34
401 3467.87 4345.04
402 720.679 3138.33
403 1091.99 979.849
404 2569.89 3219.77
405 4928.13 2635.83
406 4931.54 2772.55
407 4495.18 3815.78
408 3671.62 4531.55
409 675.096 1749.82
410 4490.34 1796.26
411 1011.52 7.84826
412 4495.34 4696.53
413 2310.41 4330.75
414 3623.58 3084.85
415 372.12 895.211
416 2309.47 4526
417 1145.26 1034.15
418 2314.89 1834.97
419 417.397 4536.97
420 4734.47 2181.56
421 3811.84 498.051
422 3355.49 301.68
423 512.294 4166.36
424 98.9428 2722.31
425 4016.63 1402.84
426 1883.67 435.821
427 2117.99 3366.38
428 1991.67 4112.23
429 4126.55 4945.03
430 3423.38 2319.44
431 52.8287 3467.65
432 3795.73 3228.69
433 4566.91 3275.66
434 2888.05 4372.37
435 2556.21 2335.85
436 248.09 3117.69
437 2548.02 185.913
438 1306.81 2179.04
439 1222.16 3935.71
440 4230.51 4994.68
441 4310.17 379.837
442 1773.42 4096.05
443 844.839 393.935
444 2440.27 740.202
445 1676.2 4917.39
446 2521.5 3481.83
447 4888.75 2946.31
448 4994.64 4868.71
449 460.943 2067.01
450 4811.01 1220.57
451 4372.54 2635.33
452 2458.48 2050.97
453 210.451 4761.8
454 1271.62 4424.84
455 4587.44 4297.1
456 895.137 4273.09
457 4470.46 2564.35
458 1641.14 4600.33
459 172.748 92.4984
460 4072.73 283.716
461 647.109 1901.77
462 3295.36 4757.94
463 3228.57 3565.14
464 2789.14 9.90112
465 1611.47 359.137
466 3714.48 3698.96
467 481.691 1445.44
468 3910.84 1589.63
469 2075.62 3309.34
470 4946.31 2809.57
471 3246.2 1598.54
472 2162.09 1387.8
473 4263.85 1619.33
474 1299.77 3687.69
475 4564.21 303.306
476 1066.63 3305.03
477 2676.65 63.7158
478 2091.83 4479.36
479 1893.41 3538.55
480 1526.48 100.778
481 2348.04 3904.06
482 515.708 4726.02
483 2435.01 4994.77
484 2389.15 886.93
485 2002.98 3352.76
486 3136.05 2516.93
487 1637.13 4721.82
488 2428.22 2592.55
489 4502.26 1641.02
490 4662.82 378.939
491 89.613 750.723
492 1852.94 3796.54
493 1257.65 3108.18
494 3425.15 3199.22
495 3000.02 883.904
496 1939.92 672.37
497 946.63 1541.58
498 2394.99 873.683
499 1992.69 3561.1
500 689.293 1341.49
501 3309.24 4581.96
502 2906.29 1700.26
503 2497.89 3514.15
504 179.169 2782.24
505 1230.18 2389.12
506 4872.85 1665.01
507 3347.02 3816.12
508 986.472 1184.38
509 1607.45 836.149
510 4245.49 1604.54
511 879.156 2190.41
512 4855.05 3091.66
513 2789.3 977.873
514 4608.26 924.964
515 3376.43 3410.19
516 2457.19 1737.51
517 2799.93 282.224
518 1544.95 214.301
519 4123.35 1361.92
520 2997.8 1501.25
521 4150.03 4378.33
522 4773.85 371.146
523 803.991 3130.28
524 3302.11 381.863
525 4187.51 2058.59
526 2296.01 3.6205
527 1484.36 4934.19
528 598.634 3086.5
529 4693.33 3144.39
530 1630.63 1663.05
531 2210.53 2421.94
532 1584.11 4112.88
533 4537.2 3291.84
534 594.769 4410.03
535 861.668 1286.17
536 551.735 2440.42
537 4220.22 3389.68
538 836.419 2765.4
539 3521.14 1532.37
540 4265.43 3524.49
541 4081.98 2559.67
542 267.864 2689.53
543 2531.76 2038.73
544 2158.58 2874.59
545 1010.19 917.732
546 3504.54 4237.96
547 3616.5 2684.79
548 2500.27 2210.23
549 3395.04 35.3589
550 1528.88 2118.03
551 886.467 560.719
552 877.744 3510.5
553 436.742 4004.93
554 3011.21 3236.92
555 3778.05 4782.31
556 2294.64 3912.31
557 4040.07 2495.68
558 1655.76 2216
559 2251.12 2853.3
560 1662.17 826.244
561 3101.3 4470.78
562 1596.64 765.602
563 841.964 2423.89
564 2755.76 4022.33
565 2197.05 2626.87
566 1294.14 837.568
567 2220.4 2173.09
568 1244.5 1436.76
569 58.0194 1372.3
570 354.209 4592.93
571 4542.71 2751.98
572 4427.93 3151.3
573 2851.79 2785.7
574 113.19 3803.2
575 655.81 4113.99
576 2438.03 1130.1
577 4934.23 274.871
578 4411.67 2170.69
579 3144.66 3409.04
580 3628.55 4503.99
581 597.766 4635.74
582 4197.02 2276.71
583 1137.7 531.916
584 4385.99 628.944
585 762.754 2879.15
586 4867.72 10.5265
587 4912.69 4947.99
588 3302.75 4957.88
589 497.421 2003.91
590 186.993 1224.31
591 211.667 4431.49
592 3519.64 4718.1
593 4852.13 1157.34
594 3290.96 4558.88
595 1004.76 3772.43
596 197.909 22.4898
597 394.296 4586.27
598 3643.83 4016.61
599 1391.1 3753.74
600 824.687 4938.57
601 40.3359 1330.93
602 4489.01 273.904
603 3831.8 2527.29
604 3142.59 704.014
605 709.75 4807.19
606 4256.17 1380.73
607 2109.7 1760.03
608 3781.8 4481.88
609 1195.81 1898.23
610 4410.08 316.179
611 1224.93 893.698
612 1204.65 698.254
613 4514.59 988.937
614 3085.52 2672.3
615 3294.76 1384.81
616 1236.98 1830.7
617 1321.26 1754.3
618 421.366 1354.54
619 1447.68 2290.31
620 1844.88 2961.57
621 2937.33 163.682
622 1066.97 1949.83
623 4187.63 2892.19
624 2779.04 2524.33
625 1301.16 1933.84
626 3054.88 4384.76
627 3249.08 3648.04
628 2310.56 4931.69
629 304.855 1852.26
630 2012.13 4179.22
631 4282.18 2553.43
632 3877.66 3915.84
633 4073.06 533.41
634 3832 391.404
635 826.662 3936.06
636 4447.96 4067.19
637 1162.77 2913.17
638 4599.22 4313.8
639 2275.36 2389.53
640 486.518 1425.65
641 3786.81 12.4759
642 4403.89 4183.89
643 941.55 4219.44
644 4799.59 2916.12
645 1082.07 1894.46
646 147.905 1839.91
647 4652.23 2921.32
648 1523.83 1896.86
649 917.461 1739.51
650 4105.99 2377.75
651 1116.93 3973.45
652 2583.95 2971.2
653 4008.46 699.427
654 4813.65 1563.11
655 1629.86 228.059
656 3785.91 2468.23
657 1901.15 823.754
658 2572.23 320.147
659 2293.96 2483.97
660 4341.64 4258.08
661 881.397 4766.27
662 943.446 3056.43
663 1790.77 485.753
664 3679.16 3614.99
665 3163.64 3970.61
666 1796.41 406.995
667 403.543 4377.39
668 3655.83 2122.29
669 1915.81 2183.75
670 1553.36 2658.62
671 4105.38 1396.85
672 1902.76 2065.64
673 3881.27 1377.57
674 3351.94 3021.4
675 1737.95 121.986
676 510.521 555.489
677 2934.51 1279.18
678 2366.15 2958.09
679 703.834 1642.6
680 2951.96 3425.38
681 3409.94 3054.24
682 2909.16 80.5309
683 3839.04 2450.38
684 1353.1 4991.43
685 2447.04 630.37
686 2549.26 222.928
687 2719.03 4394.13
688 1043.97 3467.01
689 4902.18 967.699
690 255.371 1254.75
691 765.953 1252.79
692 397.727 2776.18
693 3163.06 4169.15
694 2772.98 2159.31
695 424.438 815.241
696 3092.41 2956.52
697 4030.25 3421.98
698 4978.98 4606.02
699 4097.91 1398.94
700 83.8061 1168.43
701 3658.28 3449.56
702 3692.05 1558.8
703 2754.02 912.28
704 4566.23 4534.27
705 3153.84 3774.88
706 3110.24 3785.45
707 1734.57 1136.82
708 2437.94 4353.58
709 3599.19 2554.42
710 3491.95 2354.44
711 2741.34 4197.4
712 1185.99 3547.46
713 111.631 687.356
714 474.301 4674.6
715 1363.79 2201.91
716 117.86 2007.02
717 767.423 2129.98
718 3343.79 2644.38
719 3232.74 415.263
720 3002.38 601.848
721 2666.01 3389.78
722 4752.71 3298.99
723 3793.09 4086.85
724 1559.74 3730.66
725 1928.27 2283.51
726 304.567 1343.39
727 4753.07 3093.46
728 215.699 4231.69
729 3007.9 3084.63
730 4265.13 3177.11
731 2695.81 4925.9
732 2091.95 3863.03
733 2778.22 3118.1
734 255.812 85.6686
735 3020.1 3848.23
736 4643.96 4891.37
737 2560.88 1163.42
738 85.1279 5.78981
739 1143.43 2917.55
740 2676.85 2810.58
741 1282.17 748.781
742 4051.57 2753.77
743 3819.62 1912.74
744 775.077 1413.61
745 4897.32 1429.74
746 705.786 3159.45
747 1810.36 2391.25
748 4123.91 3445.82
749 4981.63 1076.59
750 216.09 1874.64
751 4385.77 449.831
752 2933.89 314.939
753 3124.62 1780.5
754 1053.18 1258.59
755 3828.35 1232.87
756 1387.08 2866.05
757 179.937 1325.26
758 2223.39 3881.53
759 3226.41 3634.57
760 1012.03 1459.1
761 3929.95 3602.65
762 3.19288 4357.25
763 4136.54 2406.04
764 2296.97 3514.95
765 3667.16 3924.66
766 1653.55 1785.84
767 2086.98 330.312
768 2558.86 2809.34
769 725.032 4090.86
770 4245.94 303.866
771 3802.93 4265.24
772 2130.82 2251.99
773 524.381 1532.42
774 3499.59 4232.49
775 3199.56 2360.25
776 3440.07 3175.1
777 1682.8 2395.54
778 4541.34 3921.49
779 1657.37 878.181
780 3120.84 616.031
781 1796.84 2221.75
782 3756.89 2155.28
783 4998.68 1405
784 3127.66 334.41
785 2005.14 3584.43
786 4099.84 4068.08
787 875.341 1945.67
788 3885.61 3506.07
789 4063.84 2775.56
790 4615.38 993.751
791 3562.91 1686.03
792 3187.96 1143.33
793 1000.57 2665.12
794 686.108 4250.68
795 3283.36 1026.16
796 376.398 4811.56
797 926.057 3352.57
798 1378.66 3386.76
799 4789.92 4828.87
800 4575.27 3202.53
801 396.858 2089.54
802 3351.82 1938.72
803 1012.01 3358.49
804 3037.25 2434.95
805 3700.87 292.364
806 4075.59 3369.27
807 437.015 1393.67
808 691.083 2101.77
809 3772.51 4743.25
810 1869.39 4471.51
811 4459.46 182.151
812 4446.4 4768.5
813 3798.6 3211.31
814 3749.41 2413.51
815 2548.92 544.987
816 1271.1 1559.32
817 4792.42 948.277
818 4249.17 4072.7
819 130.072 3192.15
820 2014.48 1064.06
821 2885.44 4192.6
822 4122.54 3951.93
823 3548.82 4551.24
824 3719.38 2851.85
825 900.906 33.6273
826 8.62701 4369.04
827 1084.32 3587.07
828 1832.54 3081.63
829 1104.35 413.511
830 2012.09 3149.42
831 4600.8 2357.31
832 1355.56 3946.64
833 978.666 712.516
834 1055.12 2049.09
835 2617.47 69.5661
836 4879.1 3023.61
837 2251.22 4786.86
838 1339.79 1438.22
839 2749.62 3842.9
840 151.922 3031.99
841 1607.38 2683.52
842 3590.26 4857.67
843 1234.67 1592.47
844 897.499 3332.03
845 222.203 2234.66
846 589.332 4541.64
847 230.216 2229.23
848 525.07 4863.87
849 422.282 4618.18
850 3535.75 2315.04
851 3486.94 3151.42
852 4503.2 281.099
853 3776.96 2066.35
854 3170.17 330.174
855 512.501 2193.98
856 4374.63 3686.26
857 4011.43 367.541
858 746.435 744.408
859 4996.51 3127.59
860 1569.54 351.473
861 1053.66 3206.77
862 1034.03 1695.16
863 1583.77 3178.58
864 2379.13 274.97
865 3964.53 4378.91
866 3959 367.267
867 1200.93 1639.7
868 2655.68 325.752
869 2913.85 3587.55
870 584.922 697.411
871 2979.33 921.33
872 2507.94 3098.61
873 4890.79 898.779
874 4600.58 2645.49
875 1162.53 553.724
876 1864.72 1054.62
877 2008.03 3859.54
878 3860.85 4710.21
879 2237.89 404.111
880 886.969 2785.34
881 3537.97 4119.69
882 3905.54 2397.13
883 3837.09 1358.6
884 2906.48 4556.03
885 2250.47 3464.53
886 3568.06 977.924
887 1424.73 4568
888 2086.17 4735.03
889 1817.91 3570.58
890 4480.5 1647.22
891 2101.48 2040.63
892 3848.24 363.126
893 3498.2 2347.39
894 3084.78 4169.36
895 1621.35 2147.73
896 4273.64 1387.55
897 1919.57 4026.3
898 2650.3 3575.56
899 2594.85 2991.2
900 2335.5 3997.89
901 1085.13 2240.54
902 1916.39 2010.78
903 256.976 2335.14
904 1266.32 4150.22
905 1783.48 15.2028
906 1862.13 531.503
907 473.433 2253.49
908 2562.33 411.101
909 3858.76 4051.26
910 975.921 455.502
911 2996.01 3749.76
912 676.491 3800.97
913 2671.62 4514.97
914 3325.39 4194.13
915 4195 2880.55
916 1872.66 1968.75
917 1478.02 3310.87
918 2521.18 4520.42
919 459.201 4458.36
920 4831.89 162.214
921 1854.34 3948.55
922 4801.02 1998.92
923 2586.39 527.747
924 1404.23 1389.22
925 1632.4 2825.21
926 248.785 4987.1
927 4942.98 4297.7
928 1160.91 1319.1
929 4539.36 3221.74
930 664.484 495.938
931 3951 818.276
932 1783.92 1628.81
933 4610.57 4350.72
934 3119.14 510.36
935 1478.34 557.466
936 3205.71 4653.91
937 2928.22 3451.84
938 2779.12 4549.86
939 3541.25 3395.03
940 715.101 4852.87
941 3725.27 596.005
942 3112.81 126.601
943 3184.02 1769.37
944 2280.67 1351.4
945 1585 708.86
946 1476.32 1139.24
947 4548.59 319.27
948 302.839 75.168
949 3304.72 2467.07
950 2960.81 771.45
951 1917.34 4860.91
952 4447.38 1083.97
953 2387.29 3803.54
954 947.766 4186.91
955 3621.82 3727.53
956 523.804 1257.23
957 3234.21 752.225
958 4377.75 430.036
959 4829.73 658.657
960 4788.54 3770.55
961 1910.14 2934.44
962 853.789 2942.9
963 347.794 575.822
964 674.443 1805.94
965 1267.74 4195.2
966 2199.43 3344
967 3510.3 4868.31
968 1553.84 1564.53
969 2362.15 624.796
970 127.759 4333.47
971 2006.99 2003.58
972 283.484 1871.27
973 4689.46 2938.2
974 2878.37 3296.96
975 1030.29 2975.39
976 4859.37 4567.04
977 3921.32 1557.91
978 4079.81 3536.13
979 1945.95 1172.71
980 147.844 629.616
981 609.306 382.346
982 268.076 921.117
983 642.504 1087.67
984 1176.6 1822.34
985 1934.99 111.873
986 1676.22 1.8941
987 2938.86 4550.93
988 1556.38 4009.49
989 4819.9 3379.55
990 908.223 4406.24
991 2676.87 509.941
992 3228.79 1021.5
993 2376.11 26.8059
994 589.717 3426.93
995 1598.02 2645.43
996 2185.21 2525.03
997 1760.76 2551.94
998 167.088 3610.97
999 1894.14 82.6695
0 129 205.487
0 448 152.205
0 799 192.145
1 20 49.2568
1 127 278.972
1 265 161.141
2 269 197.169
2 619 25.9308
2 724 1444.64
3 767 287.885
3 985 170.671
3 999 252.232
4 200 247.451
4 983 159.821
5 35 57.35
5 675 140.278
5 986 132.011
5 238 119.739
6 64 203.16
6 925 269.55
7 199 219.58
7 731 184.377
7 397 885.699
8 592 116.804
8 823 111.923
9 13 149.666
9 216 103.002
9 624 120.001
10 79 185.741
10 91 71.457
11 82 100.681
11 246 116.216
11 709 183.479
12 620 279.055
12 925 273.425
13 694 218.625
14 280 72.8176
14 303 93.8458
14 488 147.932
15 248 405.929
15 396 251.599
16 393 133.246
16 478 28.2739
17 302 323.792
17 829 468.259
18 117 307.45
18 607 104.215
19 410 160.952
19 473 382.219
19 510 246.19
19 890 176.922
20 265 133.269
20 809 2009.41
20 810 100.667
21 390 91.1909
21 462 26.7339
21 936 236.131
22 88 146.416
22 105 94.5573
22 903 87.3894
23 532 185.969
23 988 264.41
24 234 245.466
24 507 147.538
24 665 255.84
25 288 141.406
25 810 77.3083
26 388 287.638
26 502 344.43
27 369 87.5808
27 704 218.321
28 537 36.0054
28 540 242.698
29 144 227.301
29 522 142.114
30 315 190.596
30 617 206.665
30 867 93.7599
31 457 113.147
31 874 154.212
31 229 160.12
32 386 254.053
32 805 104.693
33 434 148.869
33 687 239.775
33 821 202.974
34 166 94.0988
34 927 237.722
34 976 200.411
35 358 61.8917
35 905 120.998
35 986 55.5591
36 604 240.029
36 957 211.923
36 610 1117.75
37 682 303.636
37 942 139.372
38 77 61.1081
38 896 270.595
39 120 72.3642
39 355 157.257
39 572 39.9881
39 730 259.184
40 495 183.783
40 871 252.586
40 950 26.5724
41 276 89.232
41 625 50.7737
41 648 357.64
42 463 154.751
42 627 237.839
43 545 188.004
43 566 152.236
43 611 140.742
44 522 274.898
44 920 251.601
45 324 178.795
45 833 168.871
45 858 171.216
46 159 127.997
46 161 157.978
47 188 191.676
47 900 117.061
48 176 217.409
48 356 264.99
48 629 194.429
49 439 219.667
49 651 76.7578
49 318 174.856
50 109 112.463
50 869 116.579
51 449 102.052
51 801 81.3349
51 855 198.109
52 353 241.507
52 994 138.681
52 178 269.912
53 395 234.99
53 677 169.629
54 137 243.391
54 863 175.288
54 917 58.1585
55 132 120.92
55 603 139.45
55 230 186.969
56 307 154.641
56 318 57.7318
56 370 107.99
56 904 263.683
56 965 182.847
57 340 127.46
57 713 151.676
57 980 40.9472
58 569 231.04
58 590 118.187
58 601 163.058
58 700 185.391
58 757 77.9281
59 197 79.7812
59 954 44.8728
60 145 128.409
60 882 167.398
61 422 141.951
61 524 106.877
61 854 155.894
62 592 102.386
62 842 159.301
62 967 117.476
63 246 96.7768
63 949 141.909
63 710 170.881
64 295 211.983
64 342 133.624
64 997 214.776
65 124 124.042
65 225 146.726
65 812 289.187
65 223 160.317
66 110 255.946
66 565 85.2141
66 996 124.964
67 128 40.9141
67 140 136.264
67 190 75.3959
68 455 186.772
68 660 255.843
69 250 154.838
69 653 224.391
69 931 286.722
70 182 283.886
70 361 329.346
70 443 231.602
70 981 247.729
71 297 236.42
71 444 172.283
71 484 110.726
71 498 81.0516
72 190 213.296
72 793 84.0482
73 224 173.776
73 388 222.716
73 520 42.0417
74 598 300.095
74 881 181.668
75 252 191.43
75 312 146.806
76 257 166.012
76 352 149.798
76 437 67.2879
76 686 158.174
77 896 251.602
78 180 191.914
78 549 392.656
78 942 107.37
79 91 110.564
79 654 298.327
80 492 59.5573
80 889 327.176
81 125 299.47
81 192 112.402
81 363 169.863
82 267 140.619
82 718 127.248
83 181 197.338
83 844 132.621
84 92 172.933
84 350 132.128
84 641 223.94
85 281 206.344
85 365 76.2459
85 798 232.299
86 755 149.087
86 883 174.298
87 173 78.1135
87 517 70.3789
87 752 181.54
88 903 333.867
89 427 194.357
89 966 67.5363
90 502 211.314
90 753 186.414
90 943 140.153
92 634 122.733
92 866 99.1004
92 892 79.9179
93 229 200.846
93 322 136.679
93 420 408.249
93 831 29.6691
94 515 137.943
94 579 133.903
95 575 217.914
95 794 82.6905
96 249 94.3493
96 573 87.9751
97 652 205.868
97 740 208.467
97 768 55.3684
98 432 137.159
98 813 179.175
98 143 179.08
99 375 154.838
99 505 222.518
100 536 187.218
100 903 382.242
100 542 229.922
101 430 86.4251
101 850 71.2243
101 893 59.0248
102 123 236.615
102 126 121.463
102 219 141.762
102 485 108.061
102 830 220.527
103 595 197.712
103 827 100.317
104 361 93.1456
104 825 397.211
104 948 310.343
105 845 107.7
105 847 75.1073
105 903 56.2294
106 581 126.713
106 605 150.853
107 168 169.112
107 287 233.464
107 360 173.454
107 771 109.326
107 865 190.477
108 199 17.0997
108 731 149.293
109 869 134.769
109 898 263.365
109 333 142.773
110 565 175.363
110 559 150.092
111 116 130.103
111 417 74.9525
112 723 55.0272
112 765 259.947
112 909 107.709
113 503 340.576
113 953 166.782
114 172 128.631
114 657 160.034
114 560 131.924
115 220 275.817
115 484 188.186
115 498 140.008
116 310 155.033
116 417 124.164
117 185 176.73
117 217 60.7453
117 389 180.595
118 420 308.771
118 922 458.846
119 366 83.8217
119 729 270.93
120 572 133.511
120 929 100.139
121 764 180.921
121 885 241.979
122 701 108.436
122 939 160.44
122 664 138.147
123 126 102.845
123 828 160.031
124 225 130.449
125 192 213.61
126 830 179.731
127 532 297.465
128 190 91.666
128 793 155.425
129 336 95.8165
129 698 118.476
130 279 53.7443
130 596 97.3532
130 738 48.4434
131 308 232.655
131 705 42.405
131 706 84.0183
131 759 124.304
132 603 79.2276
133 452 46.7534
133 543 153.163
134 136 258.007
134 952 163.295
135 468 135.494
135 702 165.808
135 977 244.554
136 613 181.98
137 186 112.951
137 338 127.27
137 863 308.23
137 917 154.325
138 575 156.264
138 635 145.51
138 769 175.899
138 912 320.187
139 174 264.918
139 205 155.133
139 525 205.024
140 637 179.653
140 739 116.263
140 975 144.722
141 319 117.058
141 341 206.097
141 398 195.988
141 539 129.025
142 669 104.08
142 781 85.7885
142 672 113.283
143 701 204.299
143 788 188.954
144 959 127.098
145 650 95.1594
145 763 124.292
146 235 161.531
146 777 202.236
147 435 236.14
147 548 19.8761
148 690 126.284
148 726 94.0945
149 673 100.146
149 883 123.313
149 977 141.59
149 425 102.341
150 238 62.1571
150 302 227.13
150 480 53.8342
151 529 109.622
151 722 122.879
152 561 110.297
152 626 154.935
153 391 177.502
153 864 143.442
153 879 116.291
154 456 399.069
154 990 149.395
155 235 255.992
155 670 96.8808
155 995 163.978
156 208 214.298
156 472 179.56
156 944 148.59
157 416 143.656
157 837 268.364
158 225 185.993
158 387 196.628
159 161 31.2341
159 531 126.412
159 659 103.897
159 996 34.1775
160 261 62.3075
160 323 335.637
160 922 279.285
161 996 23.6099
162 184 65.4835
162 692 213.332
163 792 202.428
163 871 285.05
164 327 59.618
164 640 82.587
164 956 248.41
165 392 167.877
165 729 207.106
165 733 301.157
166 927 315.84
166 976 201.14
167 742 62.9449
167 789 96.5598
168 215 217.024
169 242 250.091
169 886 273.538
169 312 208.804
170 454 78.5869
170 887 244.912
171 552 54.9378
171 688 189.971
172 496 220.827
172 657 218.935
173 517 32.1391
174 525 159.502
174 285 207.445
175 374 112.918
175 548 244.837
176 646 260.048
177 191 235.546
177 453 216.682
178 431 399.423
178 998 341.844
179 604 128.787
179 720 191.579
179 780 16.0349
179 934 189.791
180 549 278.571
180 942 195.707
181 552 217.252
182 981 58.6378
183 259 98.7304
183 577 264.256
183 586 148.124
183 920 58.762
184 692 214.789
185 607 266.135
186 338 81.8794
187 535 127.407
187 691 27.0888
188 263 178.306
188 413 146.136
189 341 34.1885
189 398 68.3454
191 826 331.356
193 343 306.172
193 795 180.396
194 297 321.121
194 496 281.027
195 418 80.3617
195 516 264.816
196 210 152.814
196 396 267.706
197 316 127.29
197 954 101.795
198 389 15.5747
198 916 117.118
199 264 263.609
199 731 109.884
200 858 111.672
201 628 413.702
201 951 391.409
202 497 281.599
202 760 83.2101
203 256 72.6611
203 553 187.533
204 913 158.393
204 918 76.3167
205 743 419.895
206 474 84.1259
206 712 110.424
207 399 106.594
207 623 182.177
207 915 149.833
208 266 160.708
209 215 261.965
209 632 81.2155
210 396 178.835
210 694 152.096
211 450 216.905
211 593 249.215
211 749 239.048
211 783 300.486
212 441 123.315
212 770 81.6954
213 271 178.487
213 380 129.359
213 766 110.493
214 337 181.363
214 989 176.702
215 909 108.737
215 786 172.543
216 624 36.8777
217 389 83.3967
218 305 195.228
218 392 225.043
218 696 195.718
219 485 74.3133
220 293 289.4
220 576 112.644
221 385 379.586
221 574 409.692
221 728 312.55
222 401 118.943
222 546 195.694
222 774 102.642
222 914 220.286
223 429 192.429
223 440 196.811
224 395 169.822
224 520 135.219
226 253 277.421
226 804 70.6336
227 289 216.477
227 433 180.328
227 533 180.878
228 381 142.223
228 451 85.6501
228 571 219.986
229 831 180.124
230 547 143.027
230 824 166.067
231 400 53.0818
231 487 110.094
232 304 276.672
232 720 293.694
233 600 189.541
233 605 257.825
233 940 188.083
234 383 112.925
234 507 73.5403
236 386 175.652
236 422 156.686
236 524 179.341
237 676 269.013
237 695 269.996
237 870 177.222
237 963 205.041
238 480 38.4352
239 583 117.716
239 829 111.653
239 910 132.48
240 309 36.9575
240 667 180.842
241 534 119.979
241 794 145.814
242 886 90.4642
243 578 151.564
243 582 192.951
244 255 209.468
244 840 191.961
244 504 199.728
245 296 74.9391
245 518 31.4109
245 655 194.579
247 884 126.196
247 987 179.052
248 253 220.158
248 775 285.185
249 573 222.724
249 614 156.857
250 633 202.541
250 653 169.007
251 618 29.2872
251 807 28.1594
252 312 178.496
252 941 97.7014
253 775 108.378
253 804 210.379
254 722 221.532
254 989 191.779
255 294 224.623
255 436 60.4873
255 840 163.123
256 423 181.225
256 553 131.082
257 835 135.946
258 755 295.854
258 931 379.526
259 577 115.571
259 920 172.215
260 411 163.458
260 825 33.772
261 285 266.6
261 922 258.64
262 368 190.964
262 668 303.112
262 802 260.278
263 630 341.599
264 731 201.057
265 458 101.318
266 516 194.959
267 718 209.555
268 838 170.445
268 968 175.247
269 619 115.956
269 715 65.2558
270 665 236.202
270 735 196.98
271 916 223.034
272 466 237.811
272 955 45.9462
273 656 38.9749
273 683 43.6256
273 814 66.3931
274 286 68.0128
274 378 42.2355
274 724 87.8945
275 605 263.408
275 661 103.73
276 625 22.4747
277 741 117.807
277 935 265.125
278 467 121.987
278 773 65.1763
279 459 51.8076
279 596 76.6484
279 738 165.293
280 303 213.725
281 798 124.646
282 333 37.542
282 359 223.374
282 839 159.885
283 289 195.927
283 856 167.136
284 331 237.046
284 864 161.109
284 908 151.548
285 410 219.46
286 378 62.788
286 724 28.6566
287 771 146.536
288 393 176.587
288 810 41.5619
290 442 70.7927
290 897 163.099
290 921 258.406
291 476 97.172
291 688 85.1665
291 803 122.546
292 378 228.782
292 988 177.156
293 944 360.452
294 436 227.687
295 342 187.041
296 302 149.746
296 518 76.6191
298 821 152.306
298 894 193.465
299 397 125.912
299 458 154.583
299 487 71.8117
300 600 413.809
300 684 318.052
301 534 203
301 919 47.5251
303 488 127.999
304 923 190.159
304 991 88.7234
305 334 122.852
305 614 223.268
306 483 56.1645
306 628 298.698
307 370 59.0745
307 454 277.308
308 911 240.794
308 869 171.36
309 667 149.818
310 928 143.492
311 375 258.975
311 563 319.317
312 941 179.414
313 356 307.149
313 589 114.057
314 530 162.825
314 932 71.0487
315 816 81.7059
315 843 60.1148
315 867 119.866
316 456 82.2265
317 414 254.109
317 681 337.505
317 824 252.75
318 370 149.888
319 471 265.808
319 539 168.427
320 377 248.377
320 413 97.3904
320 416 240.871
320 708 92.1777
321 394 226.643
321 959 142.807
322 578 293.875
322 831 100.311
323 489 139.944
323 890 155.519
324 335 151.804
324 551 164.499
324 833 110.892
325 332 24.4847
325 513 241.3
325 703 249.672
326 564 203.283
326 711 65.5819
326 821 148.457
327 467 82.0841
327 640 63.7609
327 956 141.243
327 807 45.1807
328 707 113.413
328 946 323.668
329 700 230.744
329 982 250.322
330 497 158.264
330 744 195.873
331 879 125.659
332 513 280.754
332 737 257.601
333 839 96.0474
334 486 177.863
334 614 37.1714
335 833 154.145
336 698 22.7033
336 976 205.351
337 960 250.312
337 989 337.84
339 409 141.437
339 679 226.479
339 773 175.796
340 963 129.301
341 398 35.0774
341 615 116.663
343 795 75.6094
343 992 161.645
344 561 192.539
344 594 137.219
345 924 139.276
345 946 205.143
346 438 65.1522
346 715 59.1222
346 879 1974.04
347 514 85.7234
347 790 131.191
348 511 125.792
348 787 396.251
348 834 272.181
348 901 313.139
349 536 156.667
349 907 166.61
350 460 111.176
350 641 392.616
351 375 203.938
351 505 91.149
352 526 275.445
352 993 123.882
353 994 89.0337
354 725 86.841
354 747 119.897
355 730 107.086
356 629 175.452
357 456 74.3982
357 643 123.053
357 370 101.678
358 675 118.567
358 905 84.945
358 986 102.406
359 564 204.13
359 839 158.862
360 608 193.815
360 865 184.49
362 612 91.8273
362 875 176.934
363 960 330.547
364 734 139.488
364 948 127.265
365 798 223.37
365 367 150.673
366 554 185.605
367 474 197.057
367 599 98.3689
367 724 153.914
368 668 12.5009
368 782 152.146
369 412 216.268
369 704 97.9683
371 815 30.7847
371 908 170.012
371 923 39.4211
372 555 56.5615
372 809 30.7269
372 878 125.334
373 693 31.4169
373 894 105.854
373 914 194.76
374 567 307.702
374 639 167.95
374 772 289.776
375 505 139.152
376 544 173.377
376 559 129.031
376 678 165.944
377 413 65.2405
379 482 84.1893
379 714 151.701
379 796 165.019
379 848 192.631
380 530 211.578
380 766 111.871
380 932 267.957
381 451 266.865
382 461 214.477
382 589 130.241
382 808 182.347
383 507 90.2088
384 466 94.8458
384 664 226.599
385 591 233.736
385 728 163.781
385 970 71.0611
387 878 227.556
387 608 150.84
388 502 106.516
389 971 177.406
390 462 58.1781
390 588 214.339
391 864 75.5637
392 696 111.457
392 729 220.305
393 478 182.906
394 817 184.352
395 677 109.455
397 487 112.765
398 615 71.334
399 730 298.406
400 487 159.119
400 527 207.496
401 546 201.8
402 523 144.587
402 528 169.883
402 746 33.4104
403 417 76.8474
403 545 103.121
404 721 248.889
404 872 195.495
405 406 173.206
405 470 205.958
406 470 42.7832
407 778 116.471
407 856 262.146
408 580 85.9631
408 608 128.746
409 679 208.318
409 964 99.3701
411 825 171.262
412 812 118.639
413 708 181.12
414 851 163.19
415 695 177.691
415 982 112.545
418 516 316.903
419 597 85.724
419 849 97.6535
419 919 89.6677
420 922 359.313
421 634 158.544
421 941 140.034
422 524 126.562
423 575 202.191
424 504 127.998
424 542 321.943
425 671 128.586
425 699 147.574
426 666 145.404
426 906 120.561
427 469 112.792
427 966 89.1856
428 630 138.389
428 897 142.72
429 440 126.598
430 710 108.888
431 998 277.57
432 813 28.4547
433 533 63.7602
433 800 105.365
433 929 114.472
434 626 206.261
435 548 151.037
436 819 172.492
436 840 244.827
437 686 52.2497
438 715 100.195
439 651 170.652
439 832 137.631
441 751 129.378
441 770 122.263
441 958 139.641
442 897 301.99
443 910 156.354
444 685 188.116
444 969 201.461
445 487 341.184
445 527 320.843
446 503 75.9512
446 721 176.598
446 898 302.21
447 470 196.666
447 644 162.642
447 836 126.58
448 587 177.758
449 589 137.509
449 801 110.927
450 593 105.792
451 457 235.906
451 631 243.629
452 543 86.8635
452 548 164.646
453 796 202.288
453 926 417.52
454 887 391.689
455 638 35.6146
455 933 114.288
456 990 237.647
457 631 281.631
459 596 107.731
459 734 117.393
460 857 186.188
461 964 116.952
462 588 362.931
463 579 196.455
463 627 113.218
463 759 110.794
464 477 174.888
464 682 214.979
465 655 160.76
465 860 59.0014
466 664 110.267
466 955 185.263
467 640 24.0874
467 773 152.881
468 977 49.5293
469 485 135.52
471 943 261.966
472 944 149.46
473 510 32.0231
474 599 214.033
475 490 163.725
475 852 101.07
475 947 42.1655
476 803 120.301
476 861 177.82
477 835 79.9125
479 499 114.77
479 785 172.186
479 889 124.143
481 556 77.1393
481 758 188.059
481 900 162.591
481 953 113.062
482 714 82.2967
482 848 219.535
483 628 242.214
484 498 17.6054
486 804 192.969
488 659 172.678
489 890 31.5712
490 522 180.928
491 713 109.536
491 980 224.527
492 877 249.944
492 921 286.479
493 637 396.297
493 739 428.904
494 776 48.7429
494 851 90.7525
495 871 68.4843
495 950 206.578
496 906 160.914
497 649 203.458
497 760 135.976
499 785 30.4136
499 889 226.177
500 691 171.463
500 744 214.489
501 594 33.4713
501 936 197.873
503 898 235.053
504 542 186.778
506 654 188.084
506 745 313.102
508 535 276.71
508 754 146.895
509 560 64.9257
509 562 87.0096
509 779 78.6736
509 945 205.999
511 563 288.423
511 717 213.506
512 727 105.533
512 836 135.988
512 859 149.284
513 703 138.398
514 790 114.749
515 939 177.39
517 752 253.452
518 655 136.807
519 606 174.022
519 671 65.9869
519 699 85.5667
521 660 325.753
521 865 190.172
523 746 181.68
523 662 157.8
524 719 82.3187
526 993 146.138
527 684 173.283
528 746 155.744
529 727 139.169
529 800 131.592
530 968 142.502
531 639 100.301
532 988 140.181
533 929 97.8827
534 846 245.382
535 691 110.656
537 540 261.665
537 748 113.092
538 585 136.308
538 880 97.2753
539 702 328.273
539 791 289.408
541 557 133.648
541 763 304.47
542 692 290.134
544 559 98.1334
546 774 10.477
547 709 152.39
550 558 214.142
550 895 138.279
551 910 262.42
554 974 279.127
555 809 65.975
556 758 119.14
557 763 139.157
558 781 241.284
558 895 129.625
559 678 234.415
560 779 73.1701
561 626 109.89
562 945 113.58
566 611 90.9369
566 741 174.361
567 772 194.581
567 891 178.982
568 816 162.323
568 838 169.326
569 601 82.0494
570 597 60.5144
570 849 107.455
571 874 145.759
574 998 279.679
575 769 120.434
576 737 135.564
580 823 130.69
581 846 161.197
582 650 196.871
583 829 159.953
583 875 36.0056
584 751 212.646
584 958 348.225
585 880 214.11
585 962 199.441
586 920 309.593
587 799 255.761
590 690 75.2941
590 700 147.677
590 757 201.429
591 970 195.09
595 827 366.274
597 849 57.6422
598 765 109.785
598 881 168.78
599 832 367.889
600 940 192.695
602 610 178.78
602 811 133.696
602 852 21.9723
602 947 130.734
603 656 104.661
604 780 99.6511
604 957 149.147
605 661 301.641
605 940 61.3964
606 896 35.752
609 616 102.25
609 645 184.271
609 984 155.71
610 852 181.682
610 958 118.358
612 741 94.3469
613 790 108.599
613 952 186.739
616 617 125.575
616 984 73.9269
618 807 53.6846
620 828 182.081
620 961 81.1285
621 682 92.7833
621 752 287.947
622 645 59.0526
622 787 245.36
622 834 113.372
623 915 22.2822
627 759 44.2045
628 837 288.866
629 750 177.06
629 972 29.1423
632 909 250.311
633 857 339.569
634 892 39.1546
635 769 365.467
635 912 329.002
636 642 211.208
636 778 281.168
637 739 34.9833
637 756 334.439
638 933 57.4665
639 659 179.086
642 660 104.619
643 954 53.9805
644 647 176.966
644 973 115.738
646 716 325.882
646 750 112.769
646 972 261.446
647 973 60.1686
648 766 210.3
649 862 132.559
650 763 48.4709
652 899 26.2673
653 931 222.993
654 745 225.507
655 860 188.838
656 683 80.9858
656 814 66.4332
658 868 88.1438
658 908 106.712
658 686 99.895
662 962 202.589
662 975 179.441
663 666 152.475
663 906 108.415
664 955 211.985
667 919 116.732
668 782 134.748
668 853 246.368
669 725 160.466
669 781 149.459
670 841 76.7832
670 995 84.6852
671 699 11.9404
672 902 85.0023
672 916 167.511
673 883 58.8601
674 681 76.9069
674 776 301.338
676 870 284.131
676 930 329.405
680 937 51.2161
680 974 195.991
681 851 138.857
683 882 122.523
685 969 89.4225
687 913 181.844
688 803 176.036
688 827 126.665
689 749 266.122
689 817 134.417
689 873 110.649
690 726 118.077
691 983 376.492
693 894 148.713
697 748 101.759
697 806 132.311
697 978 145.129
701 939 228.814
702 791 339.419
705 706 48.5908
706 735 190.363
706 911 225.351
707 876 299.283
710 850 60.461
710 893 18.4392
711 821 237.172
712 827 119.213
713 980 102.695
714 849 106.095
716 750 290.877
717 808 148.564
719 784 191.866
719 854 145.433
720 780 202.125
720 950 174.622
721 898 192.486
722 989 107.06
723 909 80.1666
728 970 267.327
732 758 167.052
732 877 124.321
733 974 210.472
734 948 87.0764
735 911 102.769
736 799 180.024
736 812 419.408
740 768 203.289
742 789 38.9103
743 782 264.465
743 853 276.991
745 783 107.305
747 777 226.685
747 997 332.922
748 806 136.14
748 978 194.046
750 972 79.9959
751 958 39.04
753 943 91.929
754 928 140.582
755 883 204.643
756 925 374.844
761 788 159.31
761 978 165.613
762 826 21.5564
762 970 129.241
764 885 93.2277
767 879 236.385
774 881 206.558
775 949 299.495
776 851 65.9872
780 934 113.325
782 853 163.722
784 854 84.6329
786 818 154
786 822 167.35
789 915 168.015
790 817 182.79
792 795 180.262
792 992 130.796
795 992 91.1596
796 848 260.135
796 926 433.916
797 803 92.5773
797 844 67.6323
798 917 177.634
800 929 62.2611
802 943 295.012
803 844 184.259
803 861 278.661
805 892 298.165
809 878 174.002
811 852 193.451
815 923 48.0115
816 843 95.9251
817 873 159.487
818 822 228.461
819 840 207.705
820 876 219.288
820 979 135.871
826 970 148.776
828 961 184.849
829 910 246.007
834 901 244.493
836 859 167.742
837 888 345.399
838 924 134.725
841 925 253.684
841 995 65.4777
842 967 85.7482
843 867 99.6151
845 847 15.555
850 893 98.042
852 947 118.016
855 907 127.408
857 866 94.0428
862 867 212.685
868 908 212.692
869 937 179.623
872 899 276.332
876 979 267.211
884 938 163.487
884 987 60.2164
885 966 213.734
888 951 216.495
891 971 172.294
897 921 129.366
902 916 78.7665
902 971 135.666
904 965 83.7588
905 999 198.032
913 918 261.763
913 938 216.678
923 991 169.195
930 981 237.772
935 945 358.935
985 999 71.3632
