805 1513
0 893.767 852.661
1 604.451 1040.97
2 840.061 1231.85
3 674.753 590.657
4 66.5805 770.503
5 711.196 633.104
6 878.618 459.986
7 952.052 1184.9
8 142.032 492.766
9 87.8895 971.23
10 267.53 1243.01
11 1054.83 196.12
12 200.064 1398.52
13 747.674 769.955
14 752.889 478.141
15 1282.45 479.494
16 200.547 293.987
17 792.172 815.629
18 465.345 107.918
19 532.098 857.492
20 868.312 323.708
21 54.8232 853.954
22 970.365 1326.48
23 694.718 1024.39
24 674.858 646.423
25 323.933 729.47
26 36.803 663.24
27 982.23 232.681
28 1221.72 215.887
29 183.208 772.484
30 1389.33 1402.85
31 1252.76 1081.89
32 831.111 743.907
33 672.06 967.25
34 905.775 312.09
35 812.575 179.299
36 1058.22 1198.46
37 1376.4 799.352
38 867.143 208.586
39 1093.14 420.366
40 309.357 48.3937
41 217.444 868.735
42 1308.64 1047.25
43 1212.97 348.255
44 153.411 1270.23
45 736.027 877.803
46 32.7609 633.491
47 733.535 1143.89
48 336.982 48.899
49 353.457 1001.65
50 436.742 1113.26
51 960.441 914.615
52 1360.29 169.758
53 1228.56 58.8815
54 561.396 500.752
55 1057.94 306.086
56 979.888 695.664
57 1280.45 81.9446
58 130.317 113.008
59 217.668 1042.07
60 1324.18 309.957
61 667.444 458.667
62 284.447 905.164
63 1073.36 895.375
64 1078.47 338.44
65 267.056 1328.22
66 1272.83 1347.85
67 414.193 745.352
68 607.954 371.625
69 1376.06 1093.51
70 1289.69 951.187
71 1322.97 1175.6
72 1140.07 26.3098
73 1175.53 767.94
74 1347.29 228.778
75 347.035 474.296
76 307.611 266.081
77 574.376 18.9966
78 387.035 791.312
79 1004.64 25.3665
80 1145.26 748.338
81 659.553 228.575
82 978.93 1413.65
83 1216.93 52.7606
84 545.057 1054.68
85 45.1156 938.635
86 879.38 1338.51
87 1329.2 1285.64
88 1015.01 1111.41
89 24.4444 1133.37
90 1306.46 1081.18
91 365.879 642.858
92 875.598 680.264
93 1048.17 542.241
94 385.333 492.058
95 1326.46 82.5234
96 1100.07 210.856
97 855.146 703.047
98 168.833 138.532
99 247.931 1070.79
100 150.765 912.601
101 20.0182 1012.81
102 353.441 686.88
103 161.222 123.979
104 26.9532 1221.82
105 816.878 1385.99
106 1240.31 54.9844
107 982.177 844.519
108 1284.97 198.448
109 1281.41 605.006
110 835.543 758.059
111 1378.13 780.302
112 84.1691 1155.58
113 1349.7 170.068
114 1200.19 984.101
115 1242.21 308.193
116 413.222 1056.51
117 1011.91 112.309
118 89.2859 1012.85
119 1020.57 882.227
120 665.709 1122.01
121 1100.23 1363.94
122 3.61276 36.1835
123 1216.39 538.526
124 529.521 29.3676
125 466.06 1022.34
126 666.298 1279.21
127 680.918 290.089
128 535.145 1273.13
129 480.084 261.424
130 718.93 1160.83
131 1325.74 1100.34
132 127.466 536.829
133 1124.18 1012.7
134 1097.02 447.854
135 666.861 803.575
136 633.746 882.536
137 95.8655 551.071
138 333.763 650.37
139 632.987 14.1555
140 1334.8 396.186
141 700.839 102.657
142 428.414 882.331
143 854.369 976.465
144 627.809 283.862
145 167.222 1150.88
146 1018.86 1038.56
147 583.758 40.9077
148 900.002 1115.77
149 252.186 980.856
150 606.037 1361.22
151 891.557 642.609
152 229.79 182.257
153 407.503 1036.75
154 408.929 1138.16
155 330.127 139.269
156 1190.4 367.438
157 1348.45 443.619
158 913.833 1137.53
159 1401.88 139.282
160 99.2613 35.5069
161 463.493 629.403
162 382.412 47.5217
163 591.306 1362.63
164 1407 1321.31
165 397.97 542.765
166 223.081 1064.33
167 983.801 234.006
168 1069.92 1096.98
169 1058.57 343.601
170 1226.43 1361.11
171 960.216 840.753
172 112.739 582.977
173 962.354 551.339
174 768.519 37.3687
175 1167.2 826.865
176 577.952 892.336
177 591.679 576.963
178 705.635 909.825
179 270.061 1382.86
180 222.028 134.607
181 867.262 139.6
182 632.27 9.10876
183 581.675 1308.48
184 87.2221 1046.6
185 25.9281 600.497
186 1205.65 1297.63
187 248.745 996.901
188 1320.57 461.217
189 572.642 476.581
190 678.737 390.96
191 229.845 801.002
192 459.432 1253.75
193 1176.13 601.43
194 1330.75 1143.03
195 1254.85 1160.64
196 1038.52 1185.47
197 112.282 197.386
198 866.289 442.148
199 493.784 939.94
200 23.7894 224.103
201 146.278 1185.14
202 482.686 764.879
203 561.478 647.05
204 70.6264 244.841
205 1071.6 287.469
206 1104.47 1342.15
207 552.361 489.157
208 595.663 648.286
209 1122.15 268.036
210 444.043 405.004
211 1041.21 1043.02
212 409.785 726.948
213 1397.87 1018.62
214 1377.95 576.172
215 436.698 847.265
216 1069.66 438.818
217 1349.55 786.553
218 455.526 1153.41
219 348.974 891.844
220 498.538 513.01
221 976.573 273.873
222 1096.74 1217.7
223 721.158 495.456
224 1163.14 203.405
225 479.449 911.521
226 1233.65 303.736
227 639.92 361.211
228 235.877 813.695
229 720.697 1312.06
230 1251.67 460.59
231 155.799 1388.31
232 411.634 179.934
233 328.393 767.072
234 868.589 1391.09
235 339.842 1191.17
236 821.647 268.124
237 284.176 1305.19
238 770.294 1008.44
239 491.541 644.01
240 1408.77 890.244
241 495.269 1409.23
242 854.387 1013.35
243 113.858 1048.44
244 563.517 405.094
245 837.374 30.913
246 561.931 123.116
247 827.304 332.365
248 1401.85 1241.99
249 900.003 979.713
250 485.711 1154.66
251 846.255 424.298
252 387.998 49.9538
253 740.619 1263.53
254 697.845 92.4732
255 398.004 675.805
256 374.06 1175.45
257 644.167 1334.29
258 1086.96 1060
259 508.173 8.46145
260 1381.95 90.0054
261 1341.15 456.178
262 448.822 1286.02
263 806.728 143.855
264 1294.08 883.648
265 1126.67 631.242
266 487.308 483.757
267 1134.63 475.192
268 91.3682 578.367
269 1189.78 1236.92
270 1235.32 1390.74
271 1223.48 199.944
272 1353.43 352.298
273 1358.37 811.45
274 387.558 213.488
275 798.628 1278.64
276 903.408 106.553
277 792.746 392.098
278 458.339 668.293
279 592.527 16.1143
280 742.198 1101.54
281 331.949 701.761
282 92.0512 797.349
283 574.645 238.495
284 1140.35 913.113
285 948.561 679.191
286 430.031 803.549
287 686.119 1074.44
288 530.006 789.743
289 1378.44 152.803
290 973.48 1123.14
291 1110.05 1276.83
292 1138.61 923.964
293 1148.93 830.624
294 1187.38 559.788
295 307.165 634.051
296 1291.69 81.0344
297 893.952 1062.97
298 175.72 629.753
299 878.934 175.869
300 1417.68 786.866
301 316.363 619.724
302 680.999 998.463
303 1019.86 198.281
304 640.738 1062.58
305 1004.03 551.88
306 1036.36 551.49
307 1127.4 967.18
308 71.1023 821.214
309 731.936 1390.69
310 946.162 957.723
311 1167.8 341.515
312 1216.57 484.663
313 1169.72 508.209
314 848.304 230.357
315 1287.57 1129.27
316 1204.91 484.555
317 582.761 724.661
318 1384.83 651.788
319 942.025 27.1368
320 1401.38 80.9551
321 1336.47 504.352
322 31.966 873.539
323 812.037 358.68
324 684.622 600.773
325 476.116 778.472
326 661.738 160.547
327 1009.17 598.336
328 335.864 340.172
329 740.482 542.547
330 889.364 403.35
331 369.253 750.149
332 883.488 1351.62
333 420.475 1174.47
334 456.367 536.174
335 984.69 1347.95
336 863.885 690.192
337 933.214 1093.31
338 1294.49 642.548
339 333.621 840.99
340 846.062 997.726
341 140.964 1037.7
342 978.358 579.95
343 812.246 930.093
344 76.3486 111.461
345 295.845 387.446
346 866.519 711.868
347 184.437 1197.15
348 1351.13 530.112
349 829.787 280.07
350 442.737 621.636
351 911.395 1277.5
352 926.635 512.059
353 171.262 1253.6
354 135.971 849.104
355 1393.64 762.828
356 746.867 482.279
357 524.031 298.998
358 753.876 205.563
359 900.322 118.187
360 1311.29 49.8794
361 1221.99 15.5618
362 476.266 1041.24
363 1111.17 27.448
364 193.25 619.889
365 161.352 718.887
366 1402.22 811.612
367 1347.64 966.738
368 260.611 912.991
369 1110.96 985.712
370 967.721 1292.29
371 282.587 1182.11
372 809.203 19.8177
373 97.7308 186.401
374 342.098 530.468
375 355.473 1396.08
376 626.714 675.831
377 259.119 1190.31
378 759.511 1176.29
379 648.393 1351.55
380 46.0949 298.744
381 236.821 1139.28
382 1358.28 290.373
383 155.057 1217.16
384 852.437 1053.08
385 135.913 522.979
386 1278.54 1304.46
387 581.007 657.129
388 770.337 1265.85
389 1224.32 674.447
390 1211.16 115.072
391 737.094 65.2605
392 1078.05 765.875
393 508.004 1097.16
394 753.457 161.575
395 156.006 414.012
396 1223.65 882.016
397 117.239 838.131
398 1264.02 936.217
399 1175.24 1393.34
400 534.261 1023.59
401 865.858 1406.52
402 1052.36 841.684
403 339.501 1306.03
404 1239.62 1312.9
405 1301.07 1128.06
406 245.254 470.032
407 848.401 1305.63
408 1211.1 359.155
409 37.3301 1266.56
410 403.809 746.319
411 720.496 810.676
412 1065.73 906.291
413 1015.35 870.322
414 48.672 870.61
415 1377.69 331.889
416 696.103 753.551
417 721.002 633.277
418 584.555 1143.86
419 1365.83 754.992
420 732.698 269.14
421 275.304 684.998
422 1284.72 836.893
423 975.335 1193.05
424 160.455 39.0314
425 1212.91 879.128
426 1069 126.387
427 231.571 375.631
428 541.581 199.274
429 335.281 3.84429
430 1126.19 601.823
431 1025.6 1018.42
432 1076.91 866.479
433 1238.15 176.265
434 805.154 13.3238
435 434.297 1027.66
436 185.396 1306.77
437 466.309 106.288
438 181.744 602.918
439 715.54 50.1944
440 101.653 1079.6
441 314.098 788.202
442 654.37 145.26
443 385.353 655.798
444 1186.74 108.324
445 40.5005 982.766
446 1209.93 294.737
447 384.244 676.604
448 329.417 640.728
449 896.594 880.381
450 966.119 1176.41
451 203.668 905.214
452 728.489 26.7084
453 786.734 1044.86
454 201.05 1222.97
455 899.844 173.881
456 1075.06 1265.49
457 583.587 961.196
458 1159.58 986.97
459 337.045 283.809
460 486.091 850.109
461 716.289 1324.89
462 985.824 123.421
463 732.864 1393.42
464 812.336 411.061
465 1055.12 803.336
466 1360.84 448.493
467 863.947 1181.72
468 416.157 224.508
469 199.483 678.307
470 441.624 610.513
471 52.1624 309.599
472 823.977 510.694
473 289.03 37.7729
474 505.994 1383.88
475 13.7563 155.773
476 629.112 1393.97
477 1258.67 1367.69
478 1288.31 888.672
479 1395.67 1391.03
480 532.35 856.852
481 243.472 836.515
482 748.59 1415.23
483 1312.38 1009.19
484 268.498 630.437
485 372.798 1345.97
486 230.915 63.6835
487 270.971 961.517
488 780.836 100.971
489 882.877 216.193
490 323.002 1201.58
491 1361.01 1358.53
492 258.119 1151.79
493 436.257 1000.24
494 66.8906 856.26
495 241.076 186.026
496 1258.49 1309.54
497 271.113 35.412
498 1273.91 655.571
499 1002.86 797.64
500 525.26 197.914
501 977.213 730.157
502 223.417 152.853
503 1350.75 1233
504 1373.4 199.664
505 649.165 1023.27
506 1403.87 492.429
507 1145.17 1007.99
508 886.25 112.783
509 1347.76 941.269
510 628.659 978.827
511 1025.87 1288.66
512 96.9197 1075.57
513 375.16 304.383
514 177.505 718.269
515 1053.21 1414.75
516 1220.52 1194.74
517 1100.31 1263.57
518 424.29 1064.18
519 1285.04 282.646
520 253.238 336.462
521 1315.46 321.597
522 216.345 247.839
523 1288.52 34.0087
524 1015.61 1157.27
525 1241.68 793.708
526 507.237 249.687
527 292.69 881.936
528 1036.07 483.4
529 871.706 1226.53
530 1022.48 1311.06
531 352.584 1209.88
532 870.874 141.146
533 1054.62 1016.8
534 774.567 599.005
535 117.993 729.896
536 1106.79 727.431
537 229.973 462.924
538 1078.89 1065.47
539 892.742 657.258
540 698.641 619.49
541 63.2563 383.257
542 541.616 369.56
543 1334.33 1382.37
544 128.803 425.317
545 671.803 1095.07
546 208.262 851.283
547 723.037 412.115
548 609.053 891.968
549 1057.29 540.799
550 385.711 1343.42
551 56.3181 1283.47
552 1159.13 1103.88
553 1063 295.479
554 513.249 1253.7
555 1304.55 1054.8
556 655.62 1268.33
557 1254.91 55.6388
558 577.535 674.636
559 984.352 89.765
560 1416.66 1054.93
561 1171.8 302.317
562 753.705 429.309
563 80.8107 82.1485
564 339.259 250.056
565 807.791 568.914
566 1184.38 1064.26
567 395.585 715.648
568 727.49 1378.04
569 899.251 302.147
570 370.642 378.884
571 126.809 369.782
572 406.03 1108.47
573 35.77 742.435
574 1406.64 1410.92
575 781.714 588.786
576 482.194 95.3378
577 1224.78 1246.5
578 549.007 168.56
579 69.9773 1367.26
580 507.932 1151.42
581 227.921 1043.17
582 87.9654 157.972
583 974.295 659.409
584 404.295 491.657
585 1017.48 507.143
586 398.626 1261.48
587 1083.51 1246.47
588 1154.96 1412.42
589 649.049 618.566
590 1320.21 1090.78
591 43.1458 260.843
592 391.186 1084.68
593 746.219 340.83
594 1320.21 397.836
595 317.02 70.154
596 603.873 1401.5
597 1359.8 1169.21
598 696.588 183.973
599 990.001 1092.99
600 770.873 773.247
601 675.01 457.462
602 1235.91 1313.12
603 1011.92 782.371
604 17.9194 310.216
605 589.198 1317.32
606 122.959 1130.64
607 1251.97 439.291
608 132.843 381.316
609 997.005 1138.94
610 349.378 227.689
611 1357.93 279.722
612 1387.99 258.188
613 1107.28 313.041
614 911.078 424.433
615 174.686 751.368
616 712.756 444.436
617 1286.97 156.389
618 1389.56 1134.3
619 273.738 639.65
620 134.738 193.897
621 509.328 662.279
622 1274.68 574.684
623 136.027 695.651
624 554.259 155.786
625 174.003 1255.73
626 150.267 448.214
627 339.925 457.987
628 621.247 936.269
629 770.454 1075.38
630 845.726 1352.6
631 611.644 998.844
632 878.987 742.995
633 187.725 1353.86
634 1075.4 938.099
635 1174.04 393.338
636 531.356 849.276
637 620.841 787.175
638 382.283 1405.42
639 99.7145 901.295
640 1150.96 57.7948
641 650.009 524.394
642 81.3067 1166.15
643 201.108 785.073
644 1207.59 954.73
645 151.369 26.2419
646 952.533 499.242
647 1156.9 258.373
648 512.667 1099.23
649 566.363 954.189
650 207.564 136.31
651 218.212 1373.5
652 165.108 652.256
653 645.206 862.712
654 971.051 513.476
655 88.0399 50.7367
656 837.256 45.3059
657 278.612 1327.92
658 597.271 496.786
659 33.023 1235.05
660 175.216 1171.97
661 167.211 1092.26
662 79.3677 1062.27
663 227.775 16.6328
664 835.517 161.48
665 1046.34 1138.07
666 44.4585 1346.96
667 1312.02 1388.09
668 790.692 1391.63
669 668.661 904.934
670 228.01 866.918
671 232.941 1052.37
672 521.331 444.961
673 955.988 689.571
674 308.239 483.225
675 788.257 654.864
676 1078.17 293.279
677 180.439 1381.4
678 217.839 549.024
679 345.777 1328.39
680 316.559 256.675
681 852.327 393.894
682 948.271 1387.72
683 661.529 856.612
684 508.472 394.189
685 707.063 20.3036
686 990.216 323.709
687 441.183 1384.8
688 935.942 1150.74
689 1407.8 336.311
690 182.76 839.717
691 865.562 1352.01
692 1054.91 1390
693 90.7225 1179.3
694 597.555 125.234
695 1310.33 959.057
696 1332.32 725.569
697 457.676 1213.71
698 564.485 869.881
699 50.5284 237.254
700 44.1773 995.036
701 625.382 409.883
702 525.193 977.675
703 458.212 638.3
704 512.125 238.052
705 106.204 6.89151
706 510.036 735.112
707 533.056 865.757
708 493.073 568.157
709 229.605 554.776
710 350.368 91.7198
711 1234.27 72.8061
712 135.58 259.46
713 249.098 628.96
714 701.135 654.816
715 331.831 315.961
716 539.284 162.494
717 1027.54 504.888
718 652.476 171.473
719 115.543 1109.77
720 825.499 1219.55
721 1258.88 1261.91
722 451.024 1313.73
723 31.7431 1370.51
724 1342.84 998.729
725 777.954 1146.15
726 829.237 85.1136
727 1405.5 1072.68
728 234.547 1233.06
729 344.028 1035.48
730 1039.79 677.767
731 552.103 852.86
732 430.47 348.721
733 122.317 858.515
734 919.792 1168.76
735 74.5839 143.131
736 1316.19 682.539
737 350.143 215.441
738 1126.21 1330.18
739 237.066 110.751
740 1214.55 144.293
741 1125.39 547.747
742 346.447 994.287
743 301.065 662.222
744 716.166 621.405
745 993.008 1086.96
746 1064.6 869.675
747 215.962 1378
748 350.304 106.394
749 118.382 1232.72
750 844.347 578.05
751 550.544 828.426
752 466.193 832.765
753 241.61 585.413
754 1022.49 946.055
755 1321.46 1281.44
756 1318.24 480.26
757 661.68 211.7
758 226.393 1113.58
759 256.007 834.337
760 151.169 272.184
761 213.705 1242.14
762 1337.24 1177.91
763 480.529 86.1509
764 351.642 903.518
765 970.2 691.271
766 905.069 1143.12
767 1180.82 292.517
768 353.906 679.28
769 623.69 540.083
770 445.433 1143.21
771 263.197 289.99
772 56.3058 269.193
773 90.4251 1044.65
774 20.7085 361.423
775 1265.01 420.122
776 660.477 79.2674
777 85.1146 819.177
778 1209.05 1333.06
779 1333.68 1391.22
780 640.361 1362.07
781 1059.32 189.642
782 1032.59 790.391
783 438.688 897.598
784 1335.09 719.12
785 695.068 1307.78
786 119.826 933.812
787 881.242 1089.08
788 758.349 1387.04
789 262.84 534.883
790 764.123 792.649
791 359.008 661.361
792 1409.27 617.66
793 456.113 881.33
794 1192.66 456.027
795 1103.63 639.937
796 1212.06 1058.13
797 301.128 360.452
798 27.2076 132.038
799 364.802 211.75
800 581.391 1179
801 1092.4 381.717
802 591.114 401.686
803 160.851 169.643
804 862.909 1076.48
0 107 161.035
0 171 105.265
0 449 35.3416
1 304 65.7518
1 505 95.8733
1 631 45.7664
2 467 90.2286
2 529 43.7016
2 720 26.7993
3 324 15.8737
3 540 45.4856
3 589 74.1411
4 282 49.9742
4 308 93.49
4 573 55.2722
5 417 19.3559
5 540 19.9362
5 714 30.725
5 744 21.2086
6 198 30.6984
6 251 58.194
6 472 135.764
6 614 61.4159
7 423 46.6853
7 450 18.4835
7 734 54.8409
8 132 47.1877
8 385 49.3523
8 626 86.4807
9 85 55.6634
9 118 81.0824
9 445 87.2183
9 786 74.0643
10 377 60.0481
10 728 67.7338
10 761 81.7308
11 96 64.0702
11 303 67.6067
11 426 73.8794
11 781 14.9351
12 231 57.2727
12 651 42.4679
12 677 36.82
12 747 43.5352
13 17 96.852
13 411 72.0251
13 416 65.6136
13 600 37.8515
13 790 36.1004
14 223 37.6005
14 356 9.1683
14 562 92.3406
15 188 76.745
15 230 66.6189
15 607 51.9597
15 756 57.127
16 522 63.365
16 760 84.7047
16 771 113.4
17 600 59.8607
17 790 70.1549
18 437 1.975
18 576 32.8547
18 763 32.6294
19 480 1.24212
19 636 10.6924
19 707 11.7787
19 731 37.0076
20 34 40.576
20 247 43.9858
20 569 49.7162
21 322 46.9165
21 414 21.7188
21 494 13.3917
22 335 35.5963
22 370 52.3788
22 530 71.2947
22 682 94.5328
23 287 83.0273
23 302 42.8246
23 505 82.5226
24 540 54.3917
24 589 53.3557
24 714 42.5496
25 233 52.7071
25 281 33.3131
25 331 66.7008
25 441 63.0856
26 46 46.2509
26 185 73.9803
26 573 153.783
27 167 2.62043
27 221 63.5327
27 303 76.494
28 224 115.81
28 271 26.9818
28 433 56.366
29 514 101.582
29 615 41.4884
29 643 26.5817
30 479 23.6146
30 491 91.9276
30 574 29.051
31 90 75.1687
31 555 73.4148
31 796 75.1971
32 97 92.1237
32 110 20.4516
32 346 49.451
33 178 79.755
33 302 53.6863
33 510 50.7661
33 628 91.5139
34 221 137.982
34 569 16.943
35 263 51.856
35 358 112.44
35 394 111.637
35 664 33.9249
36 196 46.732
36 222 85.1942
36 587 83.6104
37 111 30.495
37 217 56.6959
37 273 25.2784
37 366 30.4074
38 299 56.0049
38 314 32.0703
38 489 22.9582
39 134 45.154
39 216 32.0034
39 801 39.1854
40 48 42.5857
40 429 69.2371
40 473 30.1506
40 497 45.4262
40 595 43.6881
41 451 76.8387
41 546 21.4172
41 670 14.9958
41 690 45.6769
42 90 57.2843
42 483 67.9684
42 555 10.7416
43 115 75.659
43 156 32.4821
43 226 92.3257
43 311 91.0032
43 408 16.089
44 353 42.8669
44 436 63.5355
44 625 28.1254
44 749 51.5511
45 178 77.8964
45 411 128.807
45 669 90.9988
46 185 37.7848
46 268 117.492
47 130 22.703
47 280 56.8825
47 378 42.6387
47 725 54.9075
48 162 48.1844
48 252 61.9886
48 429 79.0676
48 595 57.3623
48 710 81.2111
49 153 73.2665
49 729 63.1702
49 742 15.9048
50 154 42.7758
50 572 33.7551
50 770 49.0479
51 119 101.476
51 310 49.8272
51 449 143.879
51 754 81.8805
52 113 20.2659
52 159 72.3242
52 289 29.2148
52 504 55.9456
53 83 22.0309
53 106 19.746
53 361 79.7227
53 557 34.8625
53 711 20.6992
54 189 39.5561
54 207 15.3802
54 658 63.1909
55 64 45.4461
55 169 51.8641
55 205 38.8424
55 553 14.5565
55 676 28.1203
55 686 108.071
56 501 44.0161
56 673 38.0925
56 730 117.36
56 765 17.0191
57 95 57.8615
57 296 21.3576
57 360 86.3407
57 557 46.2847
58 98 54.826
58 103 54.0129
58 344 78.8578
59 166 27.6153
59 581 17.352
59 671 27.1305
60 382 77.3444
60 519 79.4702
60 521 21.4798
60 611 67.0537
61 601 13.9259
61 616 88.9027
61 641 105
61 701 120.086
62 368 45.2684
62 487 83.901
62 527 26.7322
63 284 94.4467
63 412 17.6091
63 432 35.0816
63 634 51.1707
63 746 46.2225
64 169 36.0748
64 613 55.3041
64 801 46.2961
65 179 108.937
65 237 43.5555
65 657 20.6683
66 270 95.0095
66 386 66.4917
66 477 41.4002
66 496 76.5416
66 667 63.7448
67 212 26.2187
67 410 14.8238
67 567 51.6323
68 227 59.6435
68 244 94.1851
68 701 49.8783
68 802 54.6905
69 131 94.5248
69 560 99.6911
69 618 62.0147
69 727 52.3583
70 398 35.1227
70 509 70.6157
70 695 30.7943
71 194 47.0251
71 597 45.1217
71 762 24.6931
72 83 96.3265
72 363 56.3744
72 640 56.9827
73 80 54.6442
73 175 83.8197
73 293 89.0728
73 525 105.937
73 536 147.838
74 504 69.0199
74 611 65.1245
74 612 63.0788
75 94 65.4343
75 374 109.931
75 584 99.4178
75 627 17.8355
75 674 53.8203
76 459 64.6821
76 564 55.1495
76 680 23.6356
76 771 78.3894
77 124 47.4779
77 147 34.5684
77 259 84.0452
77 279 28.5026
78 286 44.9833
78 331 56.8441
78 410 92.319
79 117 105.513
79 319 90.6623
79 363 161.709
79 559 109.623
80 392 138.531
80 536 67.5035
81 127 88.3055
81 144 86.7379
81 598 105.499
81 718 101.041
81 757 19.7365
82 335 108.833
82 515 91.7624
82 682 40.5629
83 106 38.9525
83 361 64.7303
83 711 37.6585
84 393 105.008
84 400 48.6685
84 648 75.3726
85 445 69.3664
85 700 76.9007
86 332 15.1613
86 351 85.0812
86 407 85.2886
86 630 59.5793
86 691 34.6596
87 386 58.9951
87 503 87.8043
87 755 12.468
88 599 31.5702
88 609 46.4884
88 665 79.865
88 745 34.8299
89 112 97.6054
89 642 76.1172
89 693 151.975
90 131 28.0092
90 555 37.099
90 590 30.6598
91 138 49.66
91 443 35.2333
91 791 35.1634
92 97 54.2024
92 151 76.0719
92 336 25.2091
92 346 62.1178
92 539 55.131
93 306 25.0142
93 549 10.1531
93 585 50.5233
93 717 66.2568
94 165 62.6569
94 374 69.1177
94 584 28.2304
94 627 85.7253
95 260 103.94
95 296 60.4561
95 320 117.863
95 360 70.5827
96 209 89.6566
96 781 70.3155
97 336 27.0782
97 346 23.5897
97 632 84.8998
98 103 17.4936
98 650 68.88
98 803 41.5346
99 166 26.9568
99 581 60.7213
99 671 25.2264
99 758 57.3671
100 451 62.9337
100 639 58.4455
100 786 40.4595
101 118 90.9576
101 445 47.5633
101 700 53.5017
102 281 39.4281
102 768 9.0723
102 791 45.378
103 803 74.07
104 409 80.632
104 551 72.6825
104 659 15.0586
104 693 76.647
105 234 98.9886
105 401 81.793
105 630 86.0264
105 668 36.2033
106 361 78.394
106 557 17.2671
106 711 26.0488
107 171 32.6304
107 413 74.0972
107 499 88.1636
108 271 75.504
108 433 83.639
108 617 59.4382
109 338 49.4434
109 498 94.8437
109 622 56.5929
110 346 110.918
110 632 64.986
111 217 31.9926
111 273 54.1279
111 300 54.3958
111 355 23.888
111 366 48.0753
111 419 29.0813
112 606 86.2398
112 642 21.8417
112 693 25.3641
113 289 41.8785
113 504 71.1965
113 617 123.164
114 458 66.269
114 507 93.2907
114 644 55.9246
115 226 18.7094
115 446 35.7355
115 519 82.164
116 153 24.2013
116 435 37.4999
116 518 24.5163
116 592 59.7119
117 426 112.014
117 462 55.3812
117 559 64.2481
118 184 56.0135
118 700 75.623
118 773 61.2498
119 412 60.2915
119 413 16.7068
119 746 50.2586
119 754 71.5552
120 287 54.5795
120 304 85.2259
120 418 149.907
120 545 37.1517
121 206 28.6235
121 515 75.2392
121 588 120.252
121 692 70.877
121 738 55.496
122 160 156.674
122 563 140.776
122 655 146.37
123 294 39.0137
123 312 80.324
123 316 100.452
123 622 78.7179
124 147 71.4889
124 259 37.0293
125 362 39.3826
125 435 37.8142
125 493 59.3302
126 257 60.666
126 556 21.3394
126 785 67.6342
127 144 87.5888
127 420 100.97
128 183 86.5712
128 554 36.0467
128 605 101.164
129 357 87.8635
129 526 39.4494
129 704 46.8243
130 378 43.7244
130 725 93.4678
131 405 56.9365
131 590 19.7358
132 137 53.995
132 172 66.5187
132 268 66.5427
132 385 19.3959
133 369 48.9433
133 458 67.4946
133 507 35.9363
134 216 49.2945
134 267 91.2161
135 411 70.4879
135 416 85.3437
135 637 77.0259
135 683 83.2232
136 548 32.7572
136 653 35.6867
136 669 69.9561
136 683 45.6243
137 172 46.8238
137 268 36.2521
137 385 71.6961
138 295 41.8232
138 301 40.7989
138 448 15.495
138 743 53.1891
138 791 28.6559
139 147 105.339
139 182 9.74142
139 279 51.4039
139 776 70.6771
140 157 60.6909
140 272 67.4644
140 594 17.9673
141 254 17.1028
141 391 84.0873
141 776 73.6299
142 215 57.7199
142 783 24.3085
142 793 41.8971
143 242 73.0065
143 249 54.2778
143 340 34.8734
143 343 118.757
144 283 91.984
145 201 45.4768
145 606 50.8049
145 660 41.3747
145 661 114.656
146 211 29.6723
146 431 26.6755
146 533 77.4781
147 182 77.5641
147 259 97.9603
147 279 33.4866
148 158 37.7483
148 337 55.2608
148 766 35.8788
148 787 54.5779
149 187 27.8067
149 487 47.3292
149 581 118.98
150 163 16.7077
150 183 58.8533
150 257 92.2779
150 379 59.8535
150 476 71.4858
150 596 67.2628
150 605 77.6779
150 780 38.4442
151 336 61.6552
151 539 27.8992
152 180 56.6649
152 495 18.5105
152 502 59.7942
153 435 38.6764
153 493 62.7932
153 518 55.9635
153 729 115.83
153 742 112.5
154 333 52.2748
154 572 30.3089
154 770 66.9399
155 595 70.7561
155 710 59.2294
155 748 72.7426
156 311 37.0058
156 408 26.6507
156 635 35.9206
157 188 61.9657
157 261 18.0464
157 466 23.5782
157 594 99.9986
158 337 72.4512
158 688 26.4528
158 734 46.2361
158 766 18.4513
159 260 104.346
159 289 38.2008
159 320 81.0725
160 424 91.7599
160 563 70.5892
160 645 65.7759
160 655 27.163
160 705 43.262
161 239 47.9803
161 278 68.1826
161 350 35.0425
161 470 45.0288
161 703 12.7119
162 252 9.13461
162 710 83.2744
163 183 68.3321
163 474 99.2627
163 596 69.829
163 605 84.0081
164 248 92.7624
164 479 80.3394
164 491 63.6309
165 334 97.7379
165 374 75.7443
165 584 65.115
166 581 32.6363
166 671 17.5614
166 758 66.8068
167 221 69.0067
167 303 65.5889
168 258 63.3432
168 538 39.1157
168 665 92.3867
169 553 68.4028
169 686 141.308
169 801 71.8679
170 270 58.166
170 399 72.3425
170 477 60.2585
170 778 65.7645
171 413 69.0418
171 449 129.459
171 499 91.3703
172 268 31.6883
173 305 42.2914
173 342 43.2167
173 352 67.4631
173 646 78.0646
173 654 58.5798
174 391 44.9247
174 434 50.6619
174 452 48.2443
175 293 24.236
175 425 110.92
175 525 91.8744
176 548 32.2558
176 698 50.7852
176 731 53.8211
177 208 138.262
177 589 111.361
177 769 56.0981
178 669 66.6844
179 651 79.026
179 657 108.77
179 747 56.242
180 495 92.0982
180 502 35.7085
180 650 20.3653
180 739 45.5975
181 299 75.3073
181 508 40.0434
181 532 5.25877
181 664 62.8273
182 279 80.202
183 605 16.5975
184 243 44.8973
184 341 77.4545
184 512 47.0059
184 662 18.5538
184 773 5.27257
185 268 72.6995
186 269 81.1186
186 404 71.9125
186 602 67.0331
186 778 64.2052
187 487 57.0591
187 581 72.9288
188 261 37.7793
188 321 83.8174
188 466 70.7819
188 756 20.6192
189 207 40.4386
189 658 58.8416
190 227 79.6549
190 547 88.1954
190 701 68.7321
191 228 20.6189
191 481 65.1996
191 643 38.4055
191 759 61.467
192 262 43.1366
192 554 80.4396
192 586 115.935
192 697 79.6623
192 722 72.1867
193 265 111.723
193 294 47.62
193 389 109.325
193 430 55.2483
194 315 75.1754
194 405 50.294
194 597 71.8239
194 618 76.1578
194 762 50.0692
195 315 65.0393
195 405 102.67
195 516 87.1558
196 524 46.3914
196 665 93.9333
197 373 26.7019
197 582 88.6063
197 620 26.6276
197 712 75.2239
198 251 51.5423
198 330 73.3895
198 614 82.5339
199 225 33.9974
199 702 84.6962
199 783 105.794
200 204 99.9383
200 475 132.842
200 591 52.3041
200 699 31.3585
201 347 45.5867
201 383 39.7991
201 660 56.2483
201 693 81.0577
201 749 57.6058
202 288 96.5505
202 325 20.9694
202 706 66.4662
203 208 66.0938
203 387 43.6861
203 558 48.2635
203 621 98.0388
204 591 42.2839
204 699 36.3142
204 772 31.416
205 553 23.2525
205 613 68.1796
205 676 15.5375
206 291 124.722
206 692 119.285
206 738 26.8339
207 658 65.3383
207 672 59.6313
208 376 45.2777
208 387 19.4159
208 558 36.4695
209 613 59.8741
209 647 65.633
209 676 84.6112
210 570 142.306
210 684 128.926
210 732 101.728
211 258 54.319
211 431 37.2008
211 533 36.7891
211 538 44.1439
212 410 30.1333
212 567 27.1188
213 560 53.2501
213 724 114.152
213 727 97.0075
214 318 100.585
214 348 66.3018
214 792 84.6785
215 286 53.7522
215 752 61.5805
215 793 71.3166
216 528 65.8527
217 273 45.7123
217 419 54.6926
218 250 32.7957
218 333 66.9578
218 580 58.583
218 697 115.855
218 770 19.7293
219 339 74.7783
219 527 72.5064
219 764 16.8335
220 266 61.0484
220 334 95.0895
220 708 81.3147
221 686 88.1495
222 517 74.328
222 587 51.092
223 329 94.8891
223 356 29.4013
223 601 84.8261
224 271 80.4476
224 647 109.043
225 783 82.641
225 793 67.6768
226 446 45.9358
227 701 100.279
228 481 31.7724
228 759 55.8624
229 253 103.132
229 388 93.2392
229 461 18.955
229 785 45.9943
230 312 62.94
230 607 28.8943
230 775 75.7494
231 633 55.7354
231 677 29.4234
232 274 46.1877
232 468 45.5813
232 799 84.2089
233 331 74.0652
233 441 29.5754
234 332 55.4458
234 401 28.711
234 691 48.6351
235 256 39.38
235 490 33.5811
235 531 44.1034
236 247 113.788
236 314 54.9837
236 349 15.7147
237 403 96.434
237 657 40.9809
238 340 142.648
238 343 140.311
238 453 62.2869
238 629 94.1789
239 278 42.9624
239 621 45.8166
239 703 44.9463
240 273 144.947
240 366 154.391
240 509 147.316
241 474 35.7177
241 687 69.4525
241 722 185.981
242 249 69.5944
242 340 24.4328
242 384 58.2524
243 341 41.5318
243 773 32.0837
244 542 60.4348
244 684 77.2434
244 802 53.3502
245 372 50.0274
245 434 65.9128
245 656 17.6369
245 726 70.5024
246 624 46.2919
246 694 58.4663
246 716 47.0211
246 576 84.4369
247 323 56.2806
247 349 103.459
248 503 58.4545
248 597 132.036
249 310 90.6351
250 580 23.6937
250 770 58.1978
250 800 190.018
251 464 67.504
251 681 45.7401
252 710 86.8366
253 275 94.0282
253 388 32.0972
254 439 53.8804
254 776 58.2956
255 443 32.2493
255 447 14.9989
255 567 56.7909
256 333 69.2787
256 531 69.6259
257 379 27.6594
257 556 123.324
257 780 41.9992
258 538 14.7353
258 552 122.92
260 320 28.9901
261 466 29.8834
261 756 58.7487
262 586 94.8489
262 722 35.5324
263 394 101.36
263 488 87.2958
263 664 49.3067
264 398 99.8969
264 422 62.9737
264 478 10.9158
265 430 58.7365
265 795 40.2219
266 334 115.18
266 672 77.7609
267 313 68.9167
267 794 70.0182
269 516 92.2934
269 577 55.7428
270 399 110.572
270 477 38.5936
270 588 84.8499
271 433 40.3719
271 740 71.5647
272 415 38.9009
272 521 72.6125
272 594 91.9255
272 689 81.1695
274 468 45.931
274 737 41.9633
274 799 30.0458
275 388 51.1114
275 407 81.9205
276 319 124.052
276 359 17.8208
276 508 19.662
276 532 78.4001
277 323 52.2645
277 464 51.2256
277 562 95.1148
277 593 136.069
278 621 58.8425
278 703 30.111
280 629 54.4395
280 725 60.7192
281 768 50.9701
282 308 58.0547
282 573 95.5557
282 777 29.3423
283 428 84.5299
283 500 124.205
283 704 100.038
284 292 14.1061
284 307 85.5722
285 583 44.315
285 673 24.0643
285 765 49.5005
285 539 59.9743
286 325 73.5909
286 752 72.5847
287 304 80.7638
287 545 33.7757
288 325 101.799
288 706 63.0557
288 751 51.4586
290 599 37.3433
290 609 43.8438
290 745 72.8652
291 456 62.535
291 517 30.2824
291 587 60.1826
291 738 109.202
292 307 88.6114
292 634 105.352
293 425 142.879
294 313 96.2569
294 741 94.2666
295 301 32.4275
295 448 37.8032
295 484 72.3077
295 619 58.8039
295 743 43.4466
296 360 72.6208
296 523 64.1309
297 337 57.6271
297 384 71.035
297 787 50.4492
297 804 65.9352
298 364 32.2322
298 438 42.4795
298 469 107.6
298 652 39.4126
299 455 31.6365
299 489 49.8496
299 532 43.9494
300 355 45.3284
300 366 44.1286
301 448 32.887
302 505 45.9223
303 462 128.896
303 781 42.3149
304 505 66.0711
304 545 67.7006
305 306 64.5314
305 327 82.5582
305 342 38.2317
306 327 64.2805
306 549 46.858
307 369 31.5261
307 458 73.2582
307 507 51.1746
308 494 59.9518
308 777 23.4028
309 463 5.04573
309 482 37.0878
309 568 22.1794
309 788 34.1872
310 754 103.122
311 408 87.6769
311 561 47.3647
311 635 89.962
312 313 75.8256
312 316 21.8242
312 794 57.8525
313 316 74.0381
313 741 77.9388
313 794 105.209
314 349 67.417
314 489 49.838
315 405 21.6873
316 794 45.9365
317 376 68.7673
317 387 92.3008
317 558 62.8316
317 637 143.144
318 736 124.519
318 792 52.6771
319 559 136.395
321 348 58.5474
321 506 89.8349
321 756 55.5298
322 414 17.0315
322 494 40.2353
323 464 59.807
323 593 108.068
324 540 35.3164
324 589 73.7235
324 744 54.0899
325 706 78.1174
326 442 21.9565
326 598 57.8013
326 718 25.2587
327 342 41.3974
328 345 99.6538
328 513 67.117
328 570 59.1766
328 715 31.0515
328 797 66.4537
329 356 119.957
329 575 63.4319
330 614 30.4158
330 681 69.0446
331 410 47.542
331 567 63.6634
332 630 39.0622
332 691 23.033
333 697 88.9482
333 770 76.9918
334 708 65.7817
335 370 83.1896
335 530 91.4886
335 682 88.3853
336 346 29.4531
336 539 44.7437
338 389 80.0044
338 498 46.8778
338 622 88.3257
338 736 76.5777
339 441 80.4465
339 527 85.4243
339 764 89.3979
340 343 81.1265
340 384 106.587
341 773 73.3565
344 563 51.1376
344 582 79.0755
344 735 40.9065
344 798 86.1243
345 427 113.129
345 797 54.1922
346 632 46.2893
347 383 64.6491
347 454 58.7071
347 660 52.6814
348 506 104.827
348 756 88.1375
348 792 159.992
349 569 143.476
350 470 16.6102
350 703 41.3875
351 370 73.6499
351 529 66.6093
352 646 33.1479
352 654 49.1501
353 383 47.3136
353 625 3.82601
354 397 24.1003
354 690 64.728
354 733 17.9598
355 419 57.2462
356 616 92.6921
357 526 99.6963
357 704 88.0327
358 394 60.1059
358 420 84.593
358 598 87.4603
359 508 19.211
359 532 43.6458
360 523 46.8191
362 400 88.0336
362 435 86.9618
362 518 86.4479
363 640 96.9967
364 438 26.0232
364 652 43.2387
365 514 21.5357
365 535 68.7503
365 615 64.8731
365 623 49.9352
367 509 36.5351
367 695 66.6274
367 724 39.0853
368 487 97.4954
368 527 67.8247
369 507 74.0216
370 511 115.424
370 530 70.4738
371 377 32.5402
371 490 86.4156
371 492 41.1254
372 434 8.80556
372 656 52.7489
373 582 58.9038
373 620 56.9295
374 674 115.516
375 485 93.1549
375 550 80.3102
375 638 33.1703
376 387 55.5105
376 558 72.3584
377 381 94.0888
377 492 70.8926
377 728 90.9978
378 725 57.7239
379 780 17.9335
380 471 21.7845
380 604 51.1878
380 772 39.4582
381 492 31.2759
381 758 55.46
382 415 82.181
382 611 14.0431
382 612 49.8271
382 689 106.838
383 749 64.6338
384 453 123.085
384 804 35.6076
386 404 57.3321
386 496 33.0022
386 602 45.2871
386 721 79.4911
386 755 56.8352
387 558 20.1964
389 498 86.3122
390 444 49.3065
390 711 91.7252
390 740 48.7585
391 439 35.531
391 452 50.4877
391 488 71.9404
391 685 55.6754
392 465 60.128
392 536 69.6155
392 782 55.1693
393 580 87.1449
393 648 9.55703
394 598 102.195
395 544 48.8624
395 571 61.9909
395 608 73.76
395 626 40.7529
396 398 96.1356
396 425 18.9459
396 478 105.598
397 733 32.1066
397 777 52.0743
398 478 102.194
398 644 71.2463
398 695 100.245
399 588 31.4918
400 702 72.7374
401 691 100.982
402 413 49.8773
402 432 48.4892
402 465 40.0071
402 746 54.4268
403 485 102.832
403 550 118.546
403 679 46.3872
404 496 20.3466
404 602 7.24049
404 778 62.0246
406 537 31.4797
406 674 72.7354
406 789 100.012
407 630 66.0205
407 691 68.4785
408 635 73.8157
409 551 26.054
409 659 51.0125
410 567 54.2562
411 416 76.2165
411 790 59.5105
412 634 60.4573
412 746 53.458
412 754 101.989
414 494 30.2505
415 689 40.7053
417 540 38.714
417 675 104.701
417 714 39.3519
417 744 22.4221
418 580 81.2905
418 800 61.3511
419 696 52.0928
419 784 65.4256
420 593 85.3262
421 484 60.4189
421 619 47.6577
421 743 67.4771
422 478 92.2933
422 525 105.432
423 450 20.0708
423 524 92.3412
424 645 16.0329
424 705 124.264
425 644 148.282
426 781 116.037
427 520 67.2474
427 797 132.681
428 500 17.4758
428 578 59.7807
428 716 67.1448
429 473 112.27
430 741 97.1927
430 795 69.9165
431 533 55.0901
432 746 24.3894
433 617 74.3928
433 740 42.8367
435 493 45.0653
435 518 74.3133
436 625 101.495
436 633 62.8028
437 576 23.8992
437 763 36.9887
438 652 91.2658
439 452 52.2693
439 685 57.8765
439 776 91.3256
440 512 7.87996
440 662 29.8587
440 719 58.8937
442 598 102.604
442 694 97.071
442 718 41.3405
443 447 30.2605
444 640 74.5736
444 711 105.796
444 740 54.4196
445 700 20.8383
446 561 73.9231
446 767 57.3461
447 768 43.4853
447 791 53.5611
450 688 78.415
451 670 84.8165
452 685 38.2759
453 629 43.9691
454 728 35.0313
454 761 28.2108
455 489 77.5958
455 532 84.2513
456 511 93.3873
456 517 26.582
456 587 26.5758
457 628 51.5125
457 631 70.5945
457 649 33.4709
458 507 31.7114
458 644 70.2923
459 513 59.0152
459 564 63.8979
459 680 36.8652
459 715 50.9098
460 636 82.6109
460 752 33.8808
460 793 54.0296
461 568 60.6582
461 785 47.9996
462 559 48.0268
463 482 50.332
463 568 25.4381
463 788 33.853
464 681 76.9453
465 603 60.3029
465 782 42.811
466 506 74.9525
467 529 64.5102
467 720 97.9721
468 799 83.7417
469 514 46.3026
469 652 79.4572
470 703 37.5643
470 708 112.903
471 604 40.054
471 772 69.4233
471 774 85.8183
472 565 66.1034
472 750 122.77
473 497 20.434
473 595 71.7696
473 663 82.4
474 687 77.3973
475 735 65.3503
475 798 50.6788
476 596 50.5575
476 780 47.2504
479 491 89.4308
479 574 31.2224
480 636 10.9119
480 707 10.8851
480 731 29.1719
480 751 56.9681
481 670 53.3638
481 759 19.1788
482 668 79.8787
482 788 34.4364
483 555 48.9156
483 724 63.1959
484 619 18.458
484 713 32.1872
485 550 18.9262
485 638 86.8605
485 679 38.4205
486 497 75.5236
486 663 66.4991
486 739 63.2047
488 726 88.0193
490 531 42.175
491 543 50.1248
491 574 86.8558
491 779 47.4937
495 502 47.2434
495 522 82.8746
496 602 36.9347
496 721 67.5847
497 663 57.3372
498 736 66.1687
499 603 23.5801
499 782 37.4363
500 578 61.5401
500 704 71.3197
500 716 68.3449
501 673 77.0714
501 765 58.4921
502 650 40.4665
502 739 86.2369
503 755 81.5999
503 762 101.536
505 631 65.0244
507 566 134.707
508 532 40.8744
509 695 42.7402
509 724 98.6234
510 628 60.2298
510 631 49.6578
511 530 31.671
512 662 33.7345
512 719 45.4905
513 715 45.2608
513 732 132.633
514 615 44.3223
514 623 84.2168
515 692 41.1959
516 577 70.5115
517 587 31.8961
518 592 41.7889
519 521 73.8567
520 771 82.1827
520 797 78.6351
522 760 85.5614
522 771 95.5682
523 557 55.1554
524 609 29.4283
524 665 57.0383
526 704 22.2055
527 764 115.428
528 585 53.6145
528 717 39.8111
529 720 80.9999
531 586 136.255
534 565 66.5625
534 575 24.3699
534 675 95.8358
535 615 63.0517
535 623 72.6044
537 674 90.8697
537 789 99.5979
540 744 25.8751
541 571 111.73
541 608 87.9482
541 774 86.4695
542 684 44.115
542 802 79.8677
543 667 27.4276
543 779 10.0489
544 571 77.4256
544 608 52.72
544 626 60.3295
546 670 48.6937
546 690 55.1217
547 562 61.9213
547 616 41.3993
548 628 50.9588
548 653 57.0416
549 717 51.509
550 638 107.1
550 679 76.1396
551 579 146.236
551 659 85.4894
551 666 77.5391
551 723 107.284
552 566 92.617
552 796 101.05
553 676 27.1633
554 697 73.4555
555 590 76.464
556 785 64.9809
557 711 53.2071
560 727 37.2454
561 647 70.7269
561 767 25.2419
562 616 62.661
563 655 64.404
564 610 40.9619
564 680 41.9396
564 737 64.8677
565 575 42.0801
565 750 41.8921
566 796 37.4002
568 788 63.3449
570 732 112.945
570 797 115.892
571 608 17.2015
572 592 50.2769
575 675 126.429
575 750 83.9031
576 763 16.2085
577 721 57.5113
578 624 18.2605
578 716 15.5015
579 666 40.8478
579 723 70.5752
580 648 99.7084
580 800 147.729
581 671 16.8358
582 735 34.6172
583 673 62.6441
583 730 131.569
583 765 61.8288
585 717 15.5759
591 699 35.9622
591 772 27.1965
594 775 65.4064
595 710 77.1228
595 748 66.9991
597 618 66.6598
597 762 41.231
598 718 75.8289
598 757 52.0469
599 745 7.86548
600 790 26.9187
601 616 58.1949
602 778 36.9444
603 782 32.1729
604 774 75.5433
606 642 102.83
606 661 76.6035
606 719 27.6949
607 775 34.9783
610 737 19.3925
610 799 34.5425
611 612 64.6083
613 676 45.2069
615 643 54.7013
619 713 48.6923
620 712 130.608
620 803 46.9164
624 694 70.2428
624 716 23.5579
625 761 80.6086
627 674 47.3314
628 649 66.4872
630 691 26.0312
633 651 42.7257
633 677 29.2474
633 747 48.4812
634 754 79.681
636 707 25.189
636 751 51.5236
637 653 138.712
638 687 87.2432
639 733 71.0244
639 786 44.4286
641 658 66.18
641 769 36.1605
642 693 17.3666
645 705 81.0439
646 654 45.7744
647 767 56.8866
649 702 49.1056
650 739 74.1197
651 747 9.05458
653 669 64.4826
653 683 17.7343
655 705 85.4171
656 726 47.8521
658 769 86.4113
661 719 63.7696
662 773 36.3342
666 723 37.9904
667 779 42.717
668 788 49.9477
669 683 60.4075
672 684 86.5419
673 765 17.6103
677 747 55.8125
678 709 16.9366
678 753 46.6331
678 789 56.4995
687 722 111.285
688 734 28.1034
688 766 48.6645
695 724 96.1559
696 736 83.517
696 784 8.71348
698 707 46.618
698 731 29.3232
701 802 58.788
709 753 55.3794
709 789 58.026
710 748 26.4311
712 760 39.8411
713 753 65.6685
718 757 52.1806
728 761 23.4991
729 742 45.9828
730 765 128.853
730 795 88.0958
731 751 31.2569
734 766 49.4668
735 798 80.336
736 784 72.6585
737 799 19.6172
753 789 65.6494
768 791 32.565
783 793 46.9619
787 804 34.9554
