1207 2259
0 994.828 1652.94
1 1567.24 121.02
2 1599.3 379.255
3 1347.45 1115.14
4 34.3092 199.409
5 1658.65 290.71
6 231.7 763.558
7 483.18 1656.53
8 942.417 387.702
9 1705.43 448.116
10 1582.1 1032.97
11 1707.23 976.594
12 2.42164 231.842
13 1315.2 1260.78
14 454.14 169.917
15 639.185 185.329
16 711.324 1369.21
17 1227.64 933.781
18 1593.49 24.1794
19 994.949 549.188
20 583.353 1130.16
21 28.4395 399.998
22 1617.51 168.647
23 985.378 103.706
24 1011.16 430.486
25 243.392 816.878
26 1109.72 829.966
27 1249.36 1029.76
28 209.133 979.586
29 1316.69 107.064
30 1404.49 1470.89
31 32.2906 695.093
32 1569.95 676.301
33 1112.65 338.873
34 912.601 720.127
35 1081.94 679.616
36 405.088 422.219
37 827.322 1147.53
38 192.925 659.918
39 902.634 1413.15
40 831.464 469.445
41 664.127 902.014
42 292.03 1581.2
43 493.857 1543.03
44 322.347 191.982
45 666.74 777.682
46 491.303 523.938
47 760.036 796.392
48 883.12 674.63
49 733.653 1092.94
50 1144.13 1422.17
51 255.295 208.764
52 425.609 365.281
53 1340.12 51.7126
54 1227.13 818.758
55 1206.65 493.02
56 1366.08 1137.67
57 199.873 582.789
58 182.27 1302.37
59 1705.65 216.059
60 924.15 1446.98
61 801.6 894.851
62 82.2064 597.771
63 372.383 1199.91
64 204.301 1604.66
65 481.14 1334.82
66 531.739 320.462
67 853.951 373.148
68 1083.86 746.343
69 107.977 313.968
70 117.23 321.826
71 1002.15 472.827
72 132.118 1119.85
73 872.788 47.7227
74 364.355 1283.53
75 561.516 950.92
76 166.85 1216.68
77 1032.37 1503.92
78 542.918 1296.38
79 665.716 263.887
80 704.227 716.7
81 490.975 636.326
82 616.27 0.567643
83 738.024 9.67049
84 1382.7 1145.09
85 1054.7 263.64
86 1587.23 1736.24
87 770.045 791.704
88 467.354 242.586
89 886.368 241.597
90 543.929 1455.54
91 885.599 597.235
92 1266.67 936.593
93 914.166 169.879
94 775.952 669.284
95 533.579 140.307
96 97.239 66.8739
97 528.089 550.485
98 406.311 1554.62
99 97.0783 386.125
100 1695.06 783.224
101 635.656 669.667
102 108.435 1416.17
103 932.787 717.521
104 459.984 310.069
105 1569.2 1057.06
106 725.388 116.385
107 1447.37 1617.78
108 409.408 1006.13
109 1528.24 577.22
110 1096.91 861.881
111 117.699 97.7114
112 1530.96 375.745
113 1458.16 201.313
114 20.1919 965.338
115 272.217 1316.16
116 1015.65 1303.75
117 464.425 1399.74
118 600.609 666.12
119 107.813 305.234
120 619.604 1716.07
121 256.346 1493.93
122 1527.8 89.9058
123 845.366 511.104
124 1187.9 569.517
125 140.965 406.611
126 536.2 1649.77
127 63.79 976.133
128 1665.24 450.116
129 1713.75 49.0242
130 683.478 950.296
131 1415.6 244.198
132 577.246 256.161
133 810.322 506.703
134 399.379 1549.02
135 1141.2 1559.38
136 370.507 33.0208
137 412.088 614.849
138 1295.47 212.705
139 1241.99 1580.83
140 1008.39 481.741
141 1313.19 1146.91
142 542.889 130.062
143 1593.74 934.341
144 166.119 1673.58
145 161.721 1160.44
146 1291.79 1372.97
147 1235.26 1322.5
148 1733.87 880.745
149 1409.2 1362.33
150 544.447 127.482
151 672.536 933.717
152 386.629 687.945
153 1565.59 1028.87
154 609.946 569.232
155 839.101 166.672
156 869.968 1109.49
157 686.224 1055.33
158 678.013 470.445
159 82.7995 680.095
160 1694.56 468.646
161 1054.7 232.03
162 1022.32 1634.73
163 709.941 1077.99
164 1517.67 1380.54
165 921.192 926.199
166 338.665 379.922
167 1415.23 1596.02
168 510.707 219.293
169 1347.77 1494.75
170 376.647 71.4259
171 657.613 1413.44
172 1370.66 1324.93
173 89.7323 1135.14
174 18.4237 1625.6
175 1662.69 1054.52
176 732.874 1519.1
177 766.107 1382.83
178 768.327 1088.46
179 1433.71 1098.96
180 1211.55 406.707
181 1644.19 181.6
182 76.2857 463.929
183 1439.37 1468.25
184 300.996 205.773
185 783.17 609.861
186 1195.42 578.556
187 463.093 11.8283
188 778.181 545.532
189 1516.33 992.519
190 1162.15 1007.75
191 1081.37 243.06
192 87.3115 1320.43
193 792.67 35.4124
194 1053.92 712.369
195 813.121 725.578
196 154.045 893.105
197 1578.64 1080.29
198 539.558 824.11
199 1343.83 1507.78
200 310.025 387.696
201 1337.15 1450.95
202 1357.23 1242.32
203 135.557 426.381
204 201.9 1181.12
205 1711.72 1684.88
206 1202.45 1399.68
207 1659.97 140.046
208 212.528 1158.1
209 717.831 557.771
210 684.685 591.615
211 1223.98 1065.73
212 87.9617 925.062
213 1110.23 1186.42
214 940.091 1394.94
215 1661.07 352.617
216 318 18.3317
217 146.786 1177.93
218 1684.42 1540.39
219 107.44 74.2964
220 1207.9 1315.59
221 143.777 1428.81
222 1147.12 1681.41
223 163.784 421.306
224 11.5469 1142.9
225 1425.35 1340.29
226 574.283 605.883
227 164.867 27.1122
228 16.8817 261.341
229 259.557 169.705
230 416.499 1254.51
231 1704.95 786.939
232 1322.38 1087.97
233 1320.71 263.052
234 399.23 478.323
235 1364.2 950.097
236 789.104 204.22
237 739.89 13.5256
238 345.333 445.333
239 981.415 1720.63
240 194.87 1383.15
241 1054.3 1349.02
242 1278.69 252.412
243 499.989 828.058
244 977.237 493.536
245 1542.51 956.938
246 1409.15 552.818
247 944.78 1671.08
248 644.526 977.786
249 1141.42 1665.75
250 176.663 118.779
251 398.018 1093.9
252 1207.61 456.723
253 934.719 356.237
254 611.72 285.618
255 222.799 985.814
256 805.17 574.144
257 1641.39 1066.99
258 1412.91 1265.18
259 1230.51 1139.94
260 1212.35 830.092
261 1274.6 1356.74
262 1478.64 396.527
263 212.205 571.595
264 1641.19 1254.22
265 1318.62 1437.69
266 1592.42 1411.9
267 1277.63 464.636
268 44.9042 462.049
269 1457.69 1267.42
270 1039.97 1069.39
271 418.771 588.173
272 404.701 1489.94
273 462.25 1056.91
274 1191.61 1679.52
275 1309.3 1611.37
276 211.616 143.309
277 1533.53 1278.97
278 1231.44 1078.91
279 470.974 1630.86
280 1325.13 762.489
281 187.334 1183.06
282 845.83 1512.84
283 1025.01 255.083
284 282.534 169.302
285 933.107 938.049
286 203.201 689.485
287 1348.95 317.679
288 1737.01 1701.06
289 1730.86 1465.58
290 1162.24 1352.39
291 1170 101.7
292 1328.91 1338.47
293 1234.61 418.97
294 1543.16 217.986
295 1575.64 38.2174
296 910.986 1509.66
297 394.128 143.459
298 381.689 1647.11
299 1571.56 1319.66
300 996.305 829.476
301 482.369 895.129
302 539.184 999.23
303 1417.31 776.003
304 1185.54 1624.78
305 1384.89 831.141
306 458.931 1487.81
307 1335.48 1175.22
308 933.126 384.757
309 895.488 1108.88
310 628.509 823.368
311 1009.68 338.867
312 491.219 155.141
313 649.359 614.286
314 1608.92 1581.53
315 1383.07 1556.06
316 635.638 1178.05
317 1636.14 1632.99
318 391.418 1031.37
319 1028.22 648.214
320 1517.86 1380.27
321 1423.38 607.312
322 1292.85 965.199
323 370.431 1037.95
324 1177.05 1366.35
325 427.988 1211.61
326 1185.43 283.438
327 1055.12 90.5835
328 1012.94 1155.32
329 309.022 941.794
330 872.661 1123.37
331 405.946 942.311
332 1365.74 219.158
333 1710.14 162.655
334 434.545 1469.13
335 779.371 1263.38
336 211.421 317.059
337 80.8143 385.576
338 902.564 1201.69
339 449.838 407.059
340 1497.95 1196.76
341 1530.61 880.076
342 363.225 429.075
343 1648.42 1211.4
344 498.575 1382.14
345 221.656 113.837
346 1316.62 1691.81
347 849.125 497.936
348 153.53 1148.31
349 1157.43 216.97
350 361.264 1236.29
351 552.598 1313.63
352 1387.57 91.7744
353 1152.6 654.406
354 383.603 923.911
355 954.238 1527.35
356 8.9494 111.345
357 911.89 726.026
358 1727.38 372.698
359 781.348 691.769
360 1023.3 61.1377
361 226.065 1698.35
362 85.9128 189.321
363 1506.49 1618.05
364 1024.27 786.882
365 952.841 55.6294
366 313.394 592.163
367 1523.11 72.2394
368 1408.4 961.928
369 92.9912 760.008
370 386.517 613.275
371 1306.62 1156.36
372 1666.74 906.885
373 530.509 481.306
374 121.389 1140.27
375 1054.85 254.089
376 249.635 1606.88
377 414.105 380.285
378 543.374 1510.39
379 32.795 768.107
380 656.822 486.793
381 533.272 546.751
382 722.516 234.769
383 1587.27 1143.44
384 1152.09 1095.21
385 276.177 367.638
386 1076.45 1127.16
387 1171.47 456.613
388 309.875 694.642
389 837.01 769.856
390 1106.92 497.007
391 1137.11 1495.34
392 690.565 163.542
393 478.337 209.95
394 592.859 1487.1
395 756.331 1156.5
396 1335.68 1279.79
397 188.021 810.026
398 25.3386 248.043
399 94.1762 246.251
400 1085.54 1325.91
401 1203.39 1021.31
402 1304.62 499.481
403 1612.62 1619.07
404 51.8561 305.456
405 138.443 611.399
406 470.655 272.488
407 1080.45 1075.12
408 794.005 1178.57
409 492.782 1506.61
410 1563.86 196.642
411 1684 1287.41
412 1226.56 1224.72
413 419.698 1050.94
414 1161.63 545.848
415 680.902 1419.3
416 1241.51 1575.07
417 768.886 998.05
418 1102.76 1305.77
419 845.121 1289.65
420 1205.18 1280.66
421 1630.32 937.89
422 750.813 1492.85
423 603.741 891.208
424 1309.24 964.868
425 203.818 999.136
426 107.93 358.694
427 1405.8 1298.17
428 858.955 554.934
429 337.519 994.626
430 736.521 1716.18
431 1199.28 205.466
432 1081.34 877.012
433 53.8982 645.539
434 511.708 769.902
435 664.747 18.1133
436 468.527 896.5
437 1448.44 841.193
438 277.465 506.017
439 524.959 1244.28
440 463.069 416.849
441 802.431 113.544
442 1378.63 901.515
443 684.619 1402.99
444 30.4284 1022.72
445 1222.49 21.4918
446 1424.63 1153.28
447 696.38 785.325
448 441.744 970.167
449 1482.08 983.413
450 277.893 355.754
451 983.849 1053.09
452 856.147 1257.01
453 695.1 1272.55
454 275.682 528.399
455 838.188 1187.9
456 797.759 10.2594
457 572.4 935.573
458 1640.49 526.042
459 1424.32 1248.89
460 219.697 166.38
461 1642 721.451
462 236.131 1039.33
463 2.85189 881.599
464 958.975 65.9058
465 1548.48 1706.42
466 1633.42 1524.83
467 319.132 1152.72
468 1685.86 909.621
469 233.968 34.2346
470 651.769 893.245
471 208.054 1291.9
472 767.659 858.119
473 1711.59 800.848
474 1251.57 1711.33
475 664.629 1403.26
476 719.369 1716.24
477 355.666 1531.3
478 521.252 1584.48
479 675.006 1332.16
480 190.191 1175.77
481 1266.68 200.636
482 684.219 1347.64
483 635.058 394.962
484 1194.78 1714.16
485 1023.87 101.715
486 657.14 1553.15
487 855.738 722.227
488 1688.02 597.251
489 594.533 348.605
490 976.029 25.1608
491 1638.92 1659.17
492 726.425 1072.62
493 326.983 813.553
494 55.1936 383.146
495 997.93 1388.82
496 1040.29 694.696
497 1573.97 793.466
498 453.316 1522.58
499 617.079 19.5319
500 920.067 798.058
501 660.774 1282.05
502 597.355 127.539
503 1450.45 333.654
504 991.663 581.421
505 1212.39 42.6579
506 1010.91 1234.46
507 806.61 312.389
508 1301.35 180.75
509 609.292 816.826
510 616.739 313.608
511 806.029 125.775
512 169.813 956.302
513 890 1459.02
514 1000.8 1231.3
515 896.399 1257.75
516 1694.7 1028.42
517 187.737 488.503
518 1309.43 455.11
519 1637.04 751.864
520 1236.92 36.3718
521 151.156 1376.84
522 771.068 871.585
523 1058.04 1127.74
524 106.788 939.415
525 628.657 1238.58
526 959.47 292.897
527 103.186 159.451
528 1634.17 957.095
529 536.322 1162.71
530 1698.26 514.012
531 783.53 1464.45
532 1022.16 1463.89
533 467.265 1229.41
534 828.883 1474.77
535 1448.43 1708.28
536 467.709 976.964
537 1486.26 770.059
538 1660.07 1466.7
539 178.469 371.504
540 971.166 1271.4
541 1564.26 118.378
542 508.157 620.47
543 1638.03 485.908
544 753.048 1458.72
545 1565.1 508.228
546 404.774 411.433
547 1298.94 1033.94
548 457.995 1667.61
549 974.233 1227.01
550 544.152 599.906
551 1715.09 838.069
552 1643.87 729.333
553 1146.06 1225.19
554 1209.9 436.878
555 603.558 175.607
556 148.183 66.5453
557 890.359 1340.6
558 601.47 608.676
559 397.258 1324.82
560 935.367 543.464
561 33.952 141.378
562 1450.56 978.085
563 1220.45 1448.46
564 29.7141 1491.42
565 773.488 601.533
566 1580.55 851.305
567 1331.44 826.779
568 1207.34 1340.51
569 1391.57 221.206
570 1145.18 240.923
571 1473.21 1708.45
572 1172.69 270.54
573 154.964 1124.96
574 1273.81 561.398
575 103.089 1456.29
576 1054.25 119.823
577 1542.32 503.378
578 1073.5 1581.78
579 1407.92 1472.62
580 1516.64 1634.29
581 276.118 75.3511
582 649.567 553.079
583 240.16 244.203
584 1478.14 934.234
585 1407.41 1381.77
586 695.311 1527.15
587 1334.2 238.744
588 16.537 389.767
589 1214.78 413.511
590 1224.45 1231.69
591 510.721 1542.17
592 1556.46 884.504
593 285.777 171.973
594 1281.85 1439.08
595 569.861 905.07
596 1428.96 298.515
597 1348.87 1120.92
598 1546.98 1346.44
599 1521.26 1389.01
600 488.636 289.605
601 1362.57 85.3151
602 938.983 757.326
603 557.689 1116.32
604 1469.45 449.423
605 235.571 1388.2
606 31.8517 599.66
607 217.078 1371.58
608 589.834 841.908
609 17.6728 758.249
610 397.916 7.07668
611 1533 316.855
612 908.903 851.515
613 1143.19 146.602
614 1501.59 1102.2
615 160.225 1631.96
616 959.346 406.001
617 653.666 63.2225
618 202.578 1223.2
619 7.57067 385.449
620 863.549 1085.11
621 359.162 472.965
622 1448.02 1512.52
623 1343.82 835.043
624 940.571 867.639
625 1706.15 667.666
626 1028.94 1716.55
627 979.543 516.841
628 799.061 935.185
629 1168.17 455.761
630 1502.08 585.69
631 780.282 90.0339
632 1301.55 183.807
633 1174.07 442.655
634 1345.2 120.295
635 989.606 1358.03
636 1111.63 193.859
637 367.315 646.358
638 115.846 812.511
639 709.648 1710.36
640 437.129 972.382
641 926.417 808.28
642 1540.46 1630.29
643 542.542 88.4679
644 311.838 826.786
645 705.933 918.885
646 527.116 87.2588
647 1359.2 1735.44
648 1064.51 857.726
649 309.536 1620.79
650 1600.57 1273.16
651 676.368 856.339
652 741.917 915.573
653 1710.14 34.6115
654 1253.18 1575.26
655 532.413 702.968
656 1000.24 117.598
657 85.2417 915.373
658 749.389 1086.37
659 302.968 313.228
660 1691.12 358.996
661 998.541 1511.27
662 1142.8 1537.83
663 1686.4 600.868
664 905.467 816.762
665 593.157 1729.76
666 1501.22 324.239
667 1625.42 1470.37
668 1260.86 1724.23
669 626.508 1038.82
670 687.271 942.225
671 306.791 1155.6
672 1147.55 244.291
673 545.506 1309.97
674 1317.82 173.859
675 879.584 518.755
676 1257.02 704.498
677 870.775 1110.8
678 57.026 857.203
679 55.5437 67.1153
680 1324.11 1635.83
681 1454.38 1223.7
682 16.2483 1432.85
683 1089.35 922.249
684 379.54 947.308
685 470.45 1251.52
686 769.458 752.766
687 1105.18 333.013
688 1194.42 1168.38
689 583.58 1075.1
690 1695.51 963.312
691 147.987 440.137
692 1653.4 750.299
693 402.905 412.741
694 1191.64 365.303
695 1291.31 1197.22
696 568.166 1077.62
697 485.289 796.637
698 1081.04 1639.03
699 529.673 1334.32
700 1354.35 802.582
701 830.4 1323.97
702 799.353 628.514
703 838.832 1395.92
704 544.749 1134.56
705 1674.57 1223.31
706 59.6716 268.673
707 1084.1 1541.89
708 1141.58 1382.91
709 860.132 1595.73
710 1728.13 7.90789
711 180.599 828.888
712 1419.34 348.848
713 1417.58 1521.35
714 1015.24 742.7
715 1462.19 1130.59
716 781.024 862.082
717 543.951 1258.85
718 1670.5 856.114
719 100.696 788.058
720 175.664 78.6192
721 1578.5 1609.92
722 281.422 353.763
723 474.06 416.203
724 782.591 1500.71
725 790.058 1248.06
726 1276.51 1391.05
727 544.171 1155.92
728 711.913 1509.6
729 1009.53 300.164
730 93.2311 1665.93
731 417.456 223.84
732 251.651 709.638
733 110.162 53.0043
734 579.907 1279.86
735 42.1778 586.33
736 201.08 1168.43
737 12.6643 1554.85
738 1539.19 524.061
739 61.2543 485.833
740 889.176 1140.8
741 1551.91 1001.32
742 955.142 879.068
743 102.56 100.535
744 550.312 1238.17
745 23.3823 612.763
746 1475.11 964.902
747 888.032 127.665
748 1066.25 1243.29
749 20.4884 1022.3
750 962.573 43.326
751 1091.8 1682.61
752 834.576 817.069
753 1265.85 1088.54
754 832.08 5.18523
755 878.592 1010.54
756 411.13 1606.64
757 995.556 1056.84
758 1339.29 467.599
759 1627.1 847.503
760 470.2 1424.11
761 451.846 1421.91
762 582.02 10.5307
763 861.676 212.866
764 320.36 960.514
765 805.499 488.476
766 1604.46 1292.63
767 1288.26 1161.78
768 1384.54 774.422
769 1311.11 703.579
770 385.23 219.333
771 343.251 1000.56
772 222.907 433.404
773 679.662 26.8921
774 713.997 108.873
775 1070.29 1604.31
776 81.0369 461.628
777 318.536 651.481
778 62.2424 308.238
779 1450.67 243.385
780 405.774 1661.05
781 600.205 631.999
782 977.027 580.388
783 196.013 3.1614
784 1421.25 870.8
785 1353.04 751.83
786 837.198 915.102
787 101.74 745.38
788 1197.34 1429.89
789 556.164 873.584
790 1356.36 1664.21
791 1682.75 1718.61
792 951.754 126.425
793 795.447 666.561
794 1586.23 23.497
795 553.266 276.058
796 802.869 151.911
797 92.9981 122.01
798 390.401 111.508
799 461.978 1119.28
800 1400.45 921.942
801 965.095 1732.64
802 1240.5 510.821
803 1729.82 611.023
804 384.988 995.745
805 1066.97 1483.38
806 576.738 1334.86
807 1286.7 278.833
808 1125.04 1076.26
809 1709.87 376.431
810 277.312 1526.86
811 479.62 359.701
812 1509.2 1152.37
813 1382.88 1062.98
814 932.655 289.657
815 868.892 1077.08
816 9.09548 1347.53
817 1036.07 429.756
818 576.209 1576.23
819 677.281 559.918
820 1584.77 1282.64
821 1733.39 804.502
822 217.025 519.584
823 431.027 1439.94
824 1189.87 427.16
825 492.876 1554.82
826 125.194 1301.1
827 211.166 1301.92
828 890.841 1422.88
829 1518.45 480.676
830 729.745 244.149
831 540.248 1297.04
832 584.291 123.218
833 458.374 1293.96
834 1276.45 578.272
835 372.402 216.832
836 464.203 595.317
837 1052.61 674.209
838 144.36 1618.02
839 1412.61 478.937
840 1181.54 1338.21
841 1656.44 1092.03
842 797.654 1649.34
843 1608 277.17
844 1209.61 454.254
845 596.669 863.202
846 1224.79 391.022
847 1612.51 1247.55
848 370.734 238.877
849 1464.58 941.137
850 1345.61 154.142
851 425.04 1258.76
852 774.379 1643.08
853 122.967 571.805
854 1152.38 67.5057
855 1706.85 394.407
856 1557.31 242.24
857 1503.66 1309.76
858 492.485 1533.89
859 1253.96 120.342
860 1555.46 1125.48
861 962.311 601.747
862 922.577 1226.14
863 1341.74 516.827
864 1544.31 1296.04
865 980.023 54.4791
866 1118.58 933.274
867 1471.57 1148.67
868 782.168 786.896
869 1374.5 1143.97
870 1252.97 374.381
871 41.7411 301.488
872 755.614 934.739
873 346.645 841.227
874 1048.63 1575.07
875 1299.93 1133.3
876 1218.97 673.908
877 525.719 1556.4
878 1542.1 1625.28
879 1536.27 100.948
880 1048.09 1427.58
881 1085.02 273.569
882 97.8556 1404.94
883 1557.67 1564.32
884 1278.74 1488.8
885 1587.71 311.184
886 586.152 337.971
887 213.871 1491.64
888 722.239 1001.67
889 1029.46 310.281
890 1205.87 304.489
891 1570.16 1520.39
892 1078.79 78.2629
893 475.449 1141.09
894 931.052 1080.04
895 975.945 353.04
896 1221.77 1578.74
897 1468.33 1707
898 465.963 1228.32
899 767.913 277.643
900 1048.79 875.314
901 1505.73 434.282
902 671.261 340.007
903 207.642 797.812
904 1566.64 652.496
905 1545.27 591.585
906 280.731 708.6
907 823.154 653.872
908 1041.53 335.369
909 1435.22 483.825
910 1725.79 1096.4
911 694.293 709.312
912 1519.47 42.3946
913 675.834 246.485
914 1333.72 1269.66
915 685.182 1716.83
916 1499.79 1463.15
917 1109.4 1028.9
918 538.98 554.069
919 369.919 263.402
920 1161.02 911.915
921 65.4194 1008.1
922 1678.58 1142.8
923 838.004 688.938
924 1420.7 1363.25
925 1304.53 316.716
926 1502.19 439.946
927 381.325 1213.95
928 371.825 841.812
929 297.591 1125.55
930 305.968 444.667
931 700.524 104.646
932 1605.85 507.994
933 1683.36 416.763
934 343.335 1675.24
935 1683 523.96
936 175.938 14.5067
937 610.379 1336.31
938 282.738 1627.23
939 148.577 537.553
940 1381.66 1543.59
941 1717.18 1347.12
942 1496.51 6.14762
943 938.415 1065.1
944 1317.7 22.8089
945 175.057 1091.25
946 1418.21 1268.81
947 810.073 1175.8
948 220.486 1229.84
949 646.108 341.205
950 961.536 1570.18
951 1470.46 1470.57
952 1314.96 1056.42
953 714.734 1617.32
954 1116.62 926.326
955 974.365 1105.64
956 1348.11 1529.06
957 146.862 755.482
958 822.966 1197.89
959 1605.91 1672.2
960 953.194 395.204
961 1338.75 1613.29
962 393.457 830.088
963 1673.18 808.12
964 1661.38 1610.49
965 806.545 225.17
966 1323.05 339.763
967 311.515 1596.28
968 388.27 1626.06
969 731.109 1314.68
970 783.887 1505.54
971 1040.78 1388.59
972 102.945 631.275
973 348.354 1066.75
974 1420.23 264.294
975 234.064 136.484
976 1096.9 262.835
977 685.665 166.457
978 789.19 1526.41
979 252.69 1143
980 387.596 904.215
981 1631.89 493.701
982 403.781 1072.48
983 1325.4 1342.13
984 466.373 747.733
985 239.945 543.927
986 780.808 1294.75
987 1480.09 375.864
988 473.218 295.958
989 1200.06 382.219
990 1312.55 598.579
991 1026.88 1272.77
992 1046.55 1597.01
993 889.095 1495.34
994 113.736 6.83012
995 1144.91 439.782
996 1145.41 194.861
997 1146.3 642.481
998 301.018 922.998
999 1483.61 927.299
1000 1210.12 1095.49
1001 1212.44 1128.64
1002 1450.93 551.907
1003 1669.3 524.608
1004 133.932 258.495
1005 1048.83 1125.52
1006 688.032 750.559
1007 459.846 510.609
1008 122.576 1408.73
1009 212.173 157.833
1010 1083.77 1406.38
1011 1047.5 512.244
1012 1308.35 1724.48
1013 351.717 1683.19
1014 1025.46 272.068
1015 254.817 343.81
1016 624.776 1232.96
1017 1260.34 910.334
1018 563.031 58.914
1019 1047.6 894.732
1020 609.389 1231.74
1021 1126.62 1392.1
1022 746.975 933.459
1023 1230.68 1292.53
1024 1689.32 1284.46
1025 586.328 543.63
1026 1481.63 623.706
1027 81.8636 639.843
1028 347.693 515.143
1029 699.188 189.68
1030 1667.54 1732.08
1031 962.155 967.016
1032 292.589 1042.67
1033 720.561 518.376
1034 1469.92 1073.3
1035 859.209 255.099
1036 1396.48 1397.38
1037 476.513 941.124
1038 1565.54 1023.1
1039 1252.55 1044.9
1040 1021.72 889.317
1041 1656.21 1313.09
1042 859.913 1597.34
1043 1543.85 489.648
1044 569.06 1618.72
1045 1388.86 1144.55
1046 356.675 1733.34
1047 1689.13 361.158
1048 224.411 472.024
1049 581.499 1588.51
1050 561.609 317.701
1051 877.973 1388.73
1052 983.292 363.768
1053 725.756 1479.71
1054 411.586 357.148
1055 245.2 943.605
1056 1069.85 821.381
1057 762.538 135.541
1058 1167.27 84.0491
1059 156.909 710.58
1060 653.701 1123.2
1061 322.629 1569.58
1062 1544.14 1223.59
1063 1652.87 1580.6
1064 929.995 290.169
1065 1278.39 1355.35
1066 757.312 320.335
1067 845.26 1383.51
1068 1108.9 848.84
1069 874.376 1024.1
1070 1467.72 792.699
1071 826.432 1209.49
1072 717.286 1185.1
1073 216.271 1474.95
1074 1729.95 849.925
1075 897.837 1647.99
1076 1574.78 441.369
1077 965.346 1661.11
1078 1728.01 1544.04
1079 1614.48 924.646
1080 1530.48 1312.89
1081 1700.72 1428.32
1082 1270.27 237.173
1083 896.46 975.677
1084 1460.1 341.063
1085 1696.39 1443.71
1086 82.3382 407.342
1087 1116.65 799.386
1088 1440.83 205.188
1089 1714.73 187.928
1090 1443.97 204.102
1091 749.74 1008.31
1092 1016.36 799.461
1093 827.575 77.0821
1094 1586 261.828
1095 1576.86 1095.85
1096 705.37 225.605
1097 309.777 1325.92
1098 1650.11 1261.54
1099 601.431 151.153
1100 1532.68 322.974
1101 1654.23 1286.73
1102 1585.4 1642.31
1103 119.428 216.777
1104 2.87391 1462.64
1105 606.826 468.851
1106 855.641 104.045
1107 453.498 1219.52
1108 516.248 655.745
1109 540.736 950.529
1110 349.003 18.4301
1111 221.784 323.109
1112 807.456 492.13
1113 1165.88 286.393
1114 1008.38 558.757
1115 488.729 443.841
1116 667.32 792.305
1117 269.155 290.289
1118 521.813 1681.77
1119 1193.26 1483.04
1120 604.523 863.542
1121 217.73 1633.97
1122 1178.24 116.17
1123 1408.28 373.4
1124 455.506 1144
1125 1059.98 718.423
1126 1589.27 1451.89
1127 905.654 407.992
1128 554.262 1534.39
1129 1485.32 1707.93
1130 827.65 284.238
1131 1660.9 124.019
1132 1117.94 6.91476
1133 960.838 1322
1134 1066.71 1364.3
1135 933.213 740.563
1136 1629.12 1423.11
1137 93.5017 1285.78
1138 589.877 1032.06
1139 1659.09 75.21
1140 1688.17 1425.17
1141 574.66 617.929
1142 1088.39 1413.2
1143 1311.98 450.87
1144 949.201 494.765
1145 1550.77 875.768
1146 1556.9 622.006
1147 375.476 62.0033
1148 228.097 489.259
1149 1379.61 532.204
1150 58.1274 1086.27
1151 707.916 1714.11
1152 812.14 389.353
1153 1681.01 1411.73
1154 755.962 498.362
1155 37.1044 1457.15
1156 927.307 943.924
1157 960.755 783.284
1158 1136.87 951.617
1159 1485.82 1007.01
1160 702.144 1464.42
1161 1417.89 849.448
1162 835.745 1051.7
1163 1089.84 1658.65
1164 123.458 957.339
1165 33.7299 399.777
1166 1369.28 1395.37
1167 1222.87 1307.45
1168 423.549 625.738
1169 1321.3 1202.6
1170 259.697 920.85
1171 1249.41 991.652
1172 155.522 267.171
1173 1408.62 1722.13
1174 981.026 1206
1175 666.636 1581.77
1176 748.608 460.213
1177 632.235 1114.82
1178 162.858 18.2943
1179 1621.43 1217.77
1180 613.5 469.248
1181 1697.12 1107.42
1182 1549.33 293.85
1183 1038.61 672.635
1184 875.851 1076.87
1185 960.059 1647.57
1186 301.603 41.4649
1187 874.279 675.998
1188 339.523 1409.16
1189 792.307 994.778
1190 997.179 828.578
1191 1165.15 978.509
1192 520.607 540.413
1193 547.103 926.031
1194 1497.17 585.274
1195 1231.05 1493.19
1196 285.127 1060.13
1197 1093.4 1419.92
1198 1145.12 1091.58
1199 1640.82 646.154
1200 280.173 589.97
1201 347.393 1610.65
1202 542.273 603.34
1203 1724.48 842.223
1204 445.37 1507.2
1205 1381.67 1538.9
1206 874.076 419.445
0 162 33.6573
0 1077 34.4472
0 1185 51.403
1 122 63.9155
1 541 4.80097
1 879 67.1635
1 22 69.2541
2 112 92.5552
2 215 110.872
2 1076 112.681
3 56 38.9334
3 232 56.6986
3 597 9.4038
3 813 86.1796
4 12 78.5635
4 362 103.678
4 398 91.4844
4 561 82.2846
5 215 65.369
5 843 60.4131
5 885 88.5493
6 25 62.0041
6 732 80.9013
6 903 82.778
7 126 67.2701
7 279 33.7373
7 548 34.845
7 1118 59.8327
8 253 50.0317
8 308 10.392
8 616 49.7889
8 960 21.2437
8 1127 52.1769
9 128 54.5454
9 160 24.4332
9 933 72.987
10 105 46.6953
10 153 31.6882
10 197 84.1233
10 1038 28.1517
11 468 117.57
11 516 90.8575
11 690 30.2189
12 228 32.9382
12 398 30.1695
13 202 56.6567
13 396 51.3422
13 914 25.0272
14 297 88.3925
14 312 69.4863
14 393 61.1854
14 731 83.3237
15 392 94.7344
15 555 44.3546
15 977 89.6492
15 1099 56.9387
16 177 102.485
16 443 67.0427
16 479 103.514
16 482 35.3958
17 92 72.8765
17 1017 63.8555
17 1171 86.8817
18 295 22.7451
18 794 13.5313
18 912 82.5727
19 504 60.4481
19 627 47.4105
19 782 63.3205
19 861 102.056
19 1114 26.3821
20 603 37.5403
20 704 58.1175
20 727 58.9242
20 1060 101.44
20 1177 82.717
21 494 42.6758
21 588 27.6758
21 619 48.3851
21 1165 9.74134
22 181 48.0586
22 207 68.9411
22 410 78.8547
23 485 76.4384
23 656 40.1719
23 792 53.3758
24 71 72.617
24 140 53.8958
24 817 46.3051
25 397 57.7464
25 711 113.395
25 903 74.8201
26 110 62.2603
26 1056 74.1525
26 1068 25.7402
26 1087 56.9284
27 211 73.1085
27 401 62.43
27 547 64.068
27 1039 30.1643
27 1171 49.6478
28 255 29.289
28 425 32.1746
28 512 56.0727
28 1055 57.2099
29 53 73.6612
29 601 58.1435
29 634 51.1326
29 850 110.132
29 859 83.4665
30 183 38.3429
30 579 7.66644
30 713 77.1055
31 159 72.3606
31 433 95.0072
31 609 94.8524
32 904 37.5329
32 1146 70.2647
32 1199 89.5736
33 687 13.9807
33 881 137.402
33 908 130.401
34 48 96.384
34 103 40.1534
34 357 8.46526
34 1135 30.2215
35 194 68.64
35 353 115.005
35 837 53.2144
35 997 143.889
35 1183 87.6807
36 234 62.2141
36 342 57.8469
36 546 16.3261
36 693 11.4238
37 408 81.1165
37 455 83.287
37 947 56.3948
38 286 60.6146
38 405 102.242
38 1059 72.2183
39 60 48.6349
39 214 60.9903
39 828 18.3054
39 1051 36.1596
40 347 39.5503
40 765 49.117
40 1112 47.2957
40 1206 98.2698
41 151 64.7999
41 470 30.1436
41 645 77.9939
41 651 52.0096
42 649 72.8177
42 810 111.773
42 967 40.8506
42 1061 53.8091
43 409 67.0698
43 591 27.5154
43 825 21.3687
43 858 12.4442
44 184 33.8536
44 284 90.7896
44 593 69.5184
45 447 48.2262
45 1006 46.0846
45 1116 18.1382
46 97 56.0171
46 373 88.6898
46 1007 56.2744
46 1192 38.2147
47 87 18.7488
47 686 83.0062
47 868 30.0102
48 923 86.8127
48 1187 16.5496
49 157 76.284
49 163 37.316
49 178 41.9585
49 492 36.6883
49 658 18.4853
50 708 68.0997
50 1021 64.7877
50 1197 95.5053
51 184 77.5872
51 229 53.035
51 583 44.2515
52 339 71.7695
52 377 22.139
52 811 96.5825
52 1054 23.2417
53 352 123.864
53 601 54.8624
53 944 65.8608
54 260 27.2532
54 567 133.139
54 1017 159.599
55 124 86.2604
55 252 72.4298
55 414 81.936
55 802 63.9626
55 844 54.8996
56 84 34.9147
56 597 36.1728
56 869 10.8227
56 1045 33.013
57 263 25.6399
57 822 106.313
57 939 120.917
57 985 82.216
58 471 50.116
58 826 69.7306
58 827 46.3283
58 1137 97.8202
59 181 101.704
59 333 66.0436
59 1089 38.1252
60 214 105.998
60 513 57.346
60 828 61.0044
61 472 91.776
61 522 43.7473
61 628 62.5722
61 716 55.3273
61 786 77.3771
62 405 100.878
62 606 83.5529
62 735 52.8857
62 853 69.6334
62 972 74.8859
62 1027 45.7537
63 325 85.5878
63 350 62.0277
63 927 28.4447
64 376 54.4492
64 615 92.7598
64 838 88.1873
64 1121 44.0651
65 344 66.5373
65 699 49.3997
65 833 89.8531
66 600 89.0686
66 795 81.764
66 1050 40.4534
67 1127 64.9959
67 1152 54.5403
67 1206 68.1347
68 194 48.7596
68 1087 96.9007
68 1125 51.2151
69 70 20.4301
69 119 14.0578
69 426 51.9585
70 119 31.3376
70 426 40.6938
71 140 15.6776
71 244 33.628
71 817 102.841
71 1011 76.3165
72 173 47.0304
72 348 44.7341
72 374 42.1823
72 573 35.3658
72 945 62.1432
73 754 88.6394
73 1093 56.033
73 1106 65.551
74 230 91.5581
74 350 92.1039
74 559 60.2106
74 1097 100.871
75 302 61.963
75 457 25.2379
75 1109 34.1664
75 1193 42.351
76 217 73.0514
76 281 46.2147
76 618 40.9719
76 948 91.0141
77 532 50.2714
77 661 38.1838
77 805 62.9986
78 351 37.1766
78 673 15.181
78 717 65.1124
78 734 62.3563
78 831 3.38015
79 254 82.0758
79 913 36.5509
79 1096 100.65
80 447 105.986
80 911 22.7051
80 1006 64.5471
81 542 25.1499
81 836 71.1209
81 1108 48.1057
82 435 65.4019
82 499 22.4223
82 762 49.7443
83 193 97.3286
83 237 7.63526
83 456 116.654
83 773 119.996
84 446 72.1777
84 869 13.9836
84 1045 9.63825
85 161 34.4553
85 283 54.8396
85 375 13.4379
85 881 50.2015
85 976 63.9269
85 1014 52.6609
86 465 60.3722
86 959 67.2342
86 1030 101.095
87 686 61.3168
87 752 109.227
87 868 20.0147
88 168 97.2599
88 393 34.6864
88 406 40.5542
89 763 53.8778
89 1035 39.5686
89 1064 74.3862
90 378 79.1369
90 394 95.0218
90 409 105.898
91 428 79.2096
91 560 136.022
91 861 140.574
92 322 73.9277
92 424 76.9095
92 1017 45.8169
93 747 96.4529
93 763 81.3081
93 792 92.6246
94 359 31.7432
94 702 51.3975
94 793 31.5383
95 142 19.6108
95 150 23.6733
95 312 66.6294
96 219 15.7065
96 679 42.7939
96 733 26.0632
96 743 53.7365
97 381 6.48016
97 918 22.1738
97 1192 13.8107
98 134 10.6713
98 477 89.6677
98 756 85.8493
99 337 27.4091
99 426 38.6582
99 1086 41.835
100 231 18.7383
100 473 41.7784
100 963 42.411
101 118 40.197
101 313 59.3241
101 781 91.2121
101 911 86.1717
102 221 38.4041
102 575 52.6415
102 882 19.7677
102 1008 18.5322
103 357 37.5043
103 602 54.8469
103 1135 38.7219
104 406 59.9049
104 600 69.476
104 811 90.293
104 988 19.9768
105 153 28.5873
105 197 29.4692
105 1095 59.0271
106 774 18.3193
106 931 54.2361
106 1057 60.5898
107 167 70.5234
107 363 72.9226
107 580 138.38
108 318 53.683
108 640 57.644
108 804 46.0112
109 630 47.1974
109 905 25.2983
109 1146 73.6441
109 1194 63.8669
110 432 30.694
110 648 38.6717
110 1068 19.6192
111 219 43.8981
111 743 24.1881
111 797 38.295
112 262 87.9288
112 987 99.6796
112 1100 68.2042
113 779 81.8926
113 1088 24.0532
113 1090 27.6424
114 127 76.3106
114 444 102.603
114 463 129.482
114 749 77.6375
115 471 76.3186
115 605 141.445
115 827 100.292
115 1097 70.2739
116 540 87.2016
116 991 51.5316
116 1133 82.6806
117 344 76.2665
117 760 38.5957
117 761 34.6442
118 655 88.63
118 781 65.6053
118 1141 61.463
119 778 49.9536
119 1172 93.941
120 665 44.9037
120 915 115.49
120 1151 143.124
121 810 48.5265
121 887 76.111
121 1073 86.0105
122 367 22.6512
122 541 76.4582
122 879 24.1616
122 912 75.3435
123 133 50.0478
123 347 20.7891
123 428 72.0221
123 675 63.5351
124 186 17.193
124 414 67.5578
125 203 21.9335
125 223 42.7893
125 539 102.574
125 691 39.3187
126 1044 50.1761
126 1118 62.7646
127 212 87.6218
127 444 79.8205
127 921 58.3622
128 160 42.0376
128 933 58.2946
129 653 15.3699
129 710 78.7978
129 1139 111.394
130 151 27.5787
130 248 93.6449
130 645 69.2108
130 670 15.2177
130 888 106.52
131 332 60.3984
131 569 37.1295
131 779 65.1223
131 974 35.7779
132 254 49.4023
132 795 42.4586
132 1050 65.9957
133 188 54.5892
133 765 31.3619
133 1112 15.8193
134 477 48.3598
134 756 80.9088
135 391 123.417
135 662 23.0612
135 707 63.1991
136 170 60.8474
136 187 130.813
136 216 68.9583
136 610 59.6085
136 1110 29.5641
136 1147 46.745
137 271 32.0766
137 370 46.3799
137 1168 19.3452
138 242 68.7341
138 481 43.5656
138 508 55.5696
138 587 74.1851
138 632 39.0592
138 1082 59.3041
139 416 8.85713
139 654 19.3501
139 896 31.2243
140 244 41.4284
140 627 56.98
140 817 68.8454
140 1011 92.4041
141 307 61.7032
141 371 16.7584
141 767 50.4539
141 875 24.7421
141 597 44.1474
142 150 5.61397
142 643 58.1715
142 646 83.0114
143 245 75.9996
143 421 54.9578
143 528 67.0199
143 1079 23.7467
144 361 107.531
144 615 68.388
144 730 128.101
144 838 114.963
145 217 23.6461
145 348 16.5378
145 480 57.4899
145 573 68.1142
146 261 23.9616
146 292 52.3881
146 726 25.527
146 983 70.0207
146 1065 34.9322
147 220 50.4811
147 568 44.1992
147 1023 51.2278
147 1167 36.9155
148 551 66.4049
148 1074 41.8383
148 1203 40.8714
149 225 43.2816
149 585 31.5129
149 924 12.4716
149 1036 45.581
149 1166 102.1
150 643 56.1214
150 646 71.7813
150 832 45.9345
151 248 86.5609
151 470 50.763
151 645 53.9277
151 670 23.5889
152 370 80.9765
152 637 90.3942
152 1168 82.7227
153 741 53.3526
153 1038 6.19845
154 558 43.579
154 582 66.2781
154 1025 63.3978
155 236 91.9872
155 511 69.6835
155 747 101.523
155 763 93.0641
155 796 75.846
156 309 45.2963
156 330 21.0642
156 620 34.1405
156 677 1.987
156 815 35.0057
156 1184 60.8684
157 163 58.4439
157 492 82.651
157 669 100.204
158 380 38.0823
158 1033 78.9965
158 1105 135.037
158 1180 89.0114
159 433 75.6653
159 1027 63.4866
160 530 54.116
161 191 50.3229
161 375 38.4324
162 775 93.8751
162 992 69.6266
163 492 30.8465
164 320 0.596724
164 598 61.5178
164 599 17.3101
165 285 29.6147
165 742 85.7368
165 1031 65.1856
165 1083 60.1493
165 1156 22.874
166 200 33.079
166 342 75.7563
166 722 100.239
167 315 94.6185
167 940 120.162
168 393 37.9055
168 406 87.8246
169 199 22.6922
169 201 70.1686
169 956 66.0064
170 297 116.654
170 798 56.5131
170 1147 17.4754
171 415 33.0987
171 443 56.5981
171 475 14.2583
172 292 68.0211
172 427 56.6423
172 983 94.2975
172 396 57.1076
173 224 137.241
173 374 40.5637
173 1150 85.4932
174 730 127.448
174 737 102.488
174 838 227.673
175 257 47.5099
175 516 42.8336
175 841 56.604
176 422 61.3079
176 586 55.2195
176 728 34.1634
177 703 89.7069
177 969 130.047
178 492 78.3476
178 658 21.4268
179 446 69.7386
179 715 61.3065
179 813 92.5955
179 1034 67.9966
180 293 48.8643
180 589 7.69042
180 694 63.58
180 846 28.3081
180 870 96.9901
180 989 35.081
181 207 70.1453
181 1089 103.648
181 1131 101.713
182 268 45.7986
182 739 42.6681
182 776 10.3504
183 579 43.0106
183 622 88.678
183 916 117.281
183 951 46.5595
184 284 50.6574
184 583 133.717
184 593 57.648
185 256 68.7113
185 565 13.691
185 702 40.1188
186 414 62.8823
186 574 119.3
187 610 129.151
187 646 147.907
188 256 43.5722
188 1154 75.959
189 245 79.7687
189 449 62.2386
189 741 52.7388
189 1159 50.9515
190 401 78.0637
190 917 57.5744
190 1191 56.936
191 375 48.1584
191 881 57.1848
191 976 47.803
192 816 155.048
192 826 62.9854
192 1137 63.7035
193 237 107.665
193 456 25.8236
193 754 75.7529
193 1093 56.246
194 496 31.6354
194 714 84.1431
194 837 58.4117
194 1125 9.93324
195 359 56.653
195 389 54.5997
195 487 46.429
195 923 52.301
196 512 82.6935
196 524 122.135
196 711 89.8608
197 257 82.8987
197 383 119.316
197 860 71.2199
197 1095 16.3062
198 243 78.9843
198 608 100.581
198 789 84.0139
199 956 34.7621
199 1205 93.7013
200 385 69.395
200 722 46.6165
200 930 89.9105
201 265 36.8702
201 594 58.2582
202 396 86.3671
202 914 54.5403
203 223 37.4588
203 691 23.541
204 208 32.6431
204 281 29.2385
204 480 17.0792
204 618 65.5342
204 736 20.6654
204 948 69.528
205 288 48.3247
205 791 61.9267
205 1030 83.6598
206 324 67.6726
206 563 88.551
206 788 35.2647
207 333 107.51
207 1131 29.8102
207 1139 121.055
208 480 52.7382
208 736 16.3214
208 979 43.5864
209 210 48.1299
209 819 60.0352
209 1033 54.3007
210 313 72.3084
210 582 79.7631
210 819 62.2806
211 278 17.0284
211 401 63.13
211 753 69.9809
211 1000 45.9676
211 1039 54.3887
212 524 27.2301
212 657 15.3786
212 1164 70.4055
213 386 123.315
213 553 97.0918
213 748 131.943
214 495 70.3082
214 828 93.2305
215 660 30.7664
215 809 65.4745
215 1047 50.2553
216 1110 31.4168
216 1186 51.7106
217 281 56.2034
217 348 55.1152
218 466 92.2046
218 1063 89.0505
218 1078 52.8569
219 556 55.8333
219 679 72.4783
219 733 35.7941
219 743 33.2823
220 420 65.3877
220 568 30.2216
220 1167 28.1394
221 521 83.0079
221 575 63.5868
221 1008 57.9668
222 249 26.8734
222 274 75.0133
222 484 60.9781
222 751 98.3682
223 539 54.1171
223 691 41.612
223 772 91.8008
224 374 205.164
224 1150 129.891
225 585 53.7229
225 924 39.2516
225 427 46.429
226 550 35.9558
226 558 32.6998
226 1141 17.0697
226 1202 42.0556
227 720 55.8548
227 783 72.5278
227 936 21.4843
227 994 60.1721
227 1178 12.174
228 398 26.1299
228 706 81.8502
229 284 25.7103
229 593 36.4769
230 325 76.091
230 851 11.5031
230 1107 61.8268
231 473 28.8848
231 821 57.2953
231 963 60.1168
232 597 66.9716
232 813 71.8407
232 952 60.5477
233 242 72.9673
233 287 91.7386
233 587 28.5909
233 807 55.2414
234 342 78.5598
234 621 77.465
234 1007 72.6226
234 1028 84.4958
235 368 64.695
235 424 87.5466
235 442 91.0666
235 800 54.9046
236 796 84.6331
236 965 38.3171
237 456 112.09
238 342 36.4581
238 621 33.4452
238 930 49.9433
238 1028 95.5411
239 247 114.698
239 626 64.1832
239 801 35.0565
240 521 64.9548
240 605 54.7948
240 607 41.6476
241 400 53.5828
241 418 91.8518
241 971 53.9915
241 1134 29.9315
242 807 33.2939
242 1082 27.371
243 301 104.666
243 434 73.0982
243 436 98.1652
243 697 47.3471
244 627 40.638
244 1144 29.5664
245 741 58.6591
246 321 68.301
246 1002 59.1461
246 1149 43.6029
247 801 87.2283
247 1075 57.2885
247 1077 27.8003
247 1185 48.6877
248 670 59.5889
249 274 88.9165
249 304 118.887
249 751 79.6759
249 1163 66.9391
250 276 57.2581
250 345 48.3907
250 720 54.4637
251 413 50.909
251 973 59.5828
251 982 33.4513
252 554 31.2269
252 824 52.7984
252 844 6.18309
253 308 41.1602
253 814 113.543
253 895 80.3726
254 510 51.9892
255 425 25.1409
255 462 69.3698
255 1055 89.0514
256 565 47.8036
257 841 46.9113
258 427 45.1544
258 459 38.6618
258 946 11.2379
259 688 86.091
259 1000 51.2629
259 1001 41.3506
260 920 185.153
260 1017 181.241
261 726 43.7571
261 1065 7.02367
262 901 59.0949
262 926 57.6416
262 987 27.3033
263 822 99.8514
263 985 59.3401
264 343 81.1419
264 705 69.4906
264 847 48.4751
264 1098 21.1361
264 1101 37.7883
264 1179 46.7072
265 594 54.9804
265 726 65.7536
265 884 85.2347
266 667 118.649
266 1126 59.9681
266 1136 76.1094
267 402 64.9546
267 518 61.9273
267 802 65.7318
267 1143 69.9417
268 739 51.2872
268 776 47.6194
269 459 72.1236
269 681 63.1385
269 946 73.8821
270 407 53.7366
270 757 84.7816
270 1005 100.268
271 370 66.197
271 836 78.1913
271 1168 49.0586
272 306 62.656
272 334 69.1515
272 1204 51.5645
273 413 81.2017
273 799 94.0283
273 982 86.1042
274 304 98.5806
274 484 35.0864
275 654 74.5764
275 680 45.1911
275 961 55.1088
276 345 52.9107
276 460 42.9394
276 975 45.8036
276 1009 25.001
277 857 51.0067
277 864 25.3659
277 1062 66.7325
277 1080 50.7351
278 753 57.5562
278 1000 48.9996
278 1039 52.7132
279 548 49.8209
279 756 77.4972
280 676 134.414
280 700 94.6517
280 769 65.9722
280 785 44.7286
281 480 11.1751
281 736 32.2596
282 534 76.8565
282 978 64.0495
282 993 92.6713
283 375 42.2829
283 1014 21.4905
284 593 8.09371
285 1031 51.4702
285 1083 92.0831
285 1156 13.022
286 732 96.754
286 1059 51.6487
287 925 58.7531
287 966 36.4775
288 791 108.719
288 1030 102.177
289 1078 82.064
289 1081 63.4898
289 1085 73.5239
289 1140 71.6579
290 324 27.6984
290 708 72.7718
290 840 42.5654
291 613 103.952
291 854 70.6065
291 1058 20.9216
291 1122 29.5002
292 983 9.08086
293 589 28.7062
293 846 56.1913
293 870 73.2519
294 410 32.4095
294 856 28.9914
294 1094 92.8373
295 794 32.5501
295 912 72.5944
295 942 152.195
296 355 84.5778
296 513 107.24
296 993 34.5225
297 798 56.2268
298 756 82.9588
298 780 29.143
298 934 50.6408
298 968 41.4787
298 1013 76.6087
299 598 70.7385
299 766 65.0651
299 820 61.2933
299 864 47.457
300 364 98.5021
300 1092 52.4142
300 1190 1.35955
301 436 16.399
301 1037 55.8382
302 1109 76.2555
302 1138 80.888
303 305 121.766
303 537 119.911
303 768 48.7504
303 1070 71.6549
304 896 113.467
305 567 105.708
305 623 45.8498
305 700 58.8404
305 1161 71.8507
306 334 60.3712
306 409 58.3524
306 498 42.0388
306 1204 25.1997
307 371 46.1488
307 1169 35.2991
308 616 55.9502
308 960 26.8559
308 1127 67.1532
309 330 52.2506
309 677 36.8523
309 740 60.7402
309 894 78.1447
310 509 21.0515
310 608 80.5362
310 651 77.6543
310 1120 73.8037
311 729 76.7748
311 889 49.4196
311 895 38.332
311 908 43.6324
311 1052 66.4881
312 393 105.854
313 558 70.1607
313 781 94.9016
314 403 43.6283
314 721 42.6347
314 883 104.376
314 1063 50.9457
315 940 15.721
315 956 49.1999
315 1205 18.9826
316 1016 93.7949
316 1020 74.8356
316 1060 85.2851
316 1072 102.637
317 403 47.1925
317 491 47.1541
317 959 72.2278
317 964 58.7468
318 323 22.3995
318 413 46.0673
318 804 68.3707
318 973 64.3993
318 982 84.6293
319 496 77.7429
319 837 56.7471
319 1183 42.7288
320 598 69.715
320 599 14.6372
321 1002 71.1742
321 1026 108.945
322 424 18.2986
322 1017 116.907
322 1171 65.4485
323 804 61.427
323 973 70.4078
324 708 61.1972
324 840 54.9479
325 533 69.4094
325 851 63.0837
325 898 54.0578
325 927 84.2847
325 1107 44.1028
325 1124 96.1568
326 572 29.7295
326 890 31.0809
326 1113 38.9555
327 360 71.3431
327 485 35.7572
327 576 55.0764
327 892 40.8896
328 523 54.5761
328 1005 81.8608
328 1174 82.2289
329 764 26.7771
329 998 36.3702
329 1170 87.676
330 677 14.2765
330 740 40.5062
331 354 54.1385
331 640 56.6478
331 684 38.0724
331 980 53.5439
332 569 43.2201
332 587 52.0626
333 1089 43.581
334 823 31.6829
334 1204 46.5456
335 725 27.4395
335 969 126.308
335 986 47.3993
336 539 98.3889
336 1015 77.7544
336 1111 18.894
336 1117 125.222
337 426 64.0656
337 494 47.9167
337 1086 31.4804
338 515 97.9637
338 740 101.087
338 862 52.2796
339 377 69.9258
339 440 26.8656
339 723 48.8621
339 811 75.2299
339 1115 88.25
340 681 70.301
340 812 82.2073
340 1062 57.3852
341 566 79.5871
341 592 39.159
341 1145 21.1858
342 693 59.7559
342 930 87.9687
343 705 51.9417
343 1179 37.965
344 760 82.1844
345 581 131.36
345 975 49.4959
345 1009 57.4084
346 647 112.524
346 668 119.571
346 680 63.2715
346 790 54.5857
346 1012 41.4803
347 675 48.388
348 374 51.6575
348 573 32.1969
348 945 106.37
349 431 64.8574
349 570 38.4123
349 636 85.3856
349 672 45.3023
349 996 46.3853
350 927 37.4207
351 673 9.95241
351 699 31.6619
351 806 52.6252
351 831 38.6319
351 937 91.4335
352 601 28.9476
352 634 66.6758
353 876 80.4779
353 997 22.4677
354 684 26.8665
354 980 25.7249
355 661 57.3302
355 950 59.8722
356 561 60.7818
356 679 111.044
356 797 108.821
357 1135 36.8026
358 660 67.927
358 809 22.2089
358 855 37.3287
359 793 35.7662
360 485 73.4253
360 865 66.2932
360 892 79.1195
361 938 155.458
361 1121 115.041
362 527 62.5049
362 1103 79.5125
363 580 33.9618
363 642 61.5223
363 878 60.5553
364 714 62.6429
364 1092 29.0274
364 1190 74.8457
365 464 23.3509
365 490 39.2053
365 750 26.8213
365 865 35.7739
366 454 129.644
366 777 99.5545
366 1200 62.31
367 879 36.0668
367 912 51.207
367 942 142.267
368 562 59.214
368 800 72.2134
369 379 110.251
369 609 123.548
369 638 71.0979
369 719 55.9096
369 787 21.2101
369 957 61.8398
370 637 57.2571
370 1168 64.8818
371 695 66.2
371 767 26.877
371 875 26.9266
371 1169 50.0487
372 421 72.0555
372 468 37.4065
372 718 93.8727
373 1115 56.1447
373 1192 114.149
376 938 51.686
376 1121 68.7065
377 546 33.5362
377 693 68.4044
377 1054 24.4479
378 394 57.672
378 591 64.7079
378 877 97.915
378 1128 30.3641
379 609 33.6456
379 719 74.5837
380 1105 76.7096
380 1180 85.4074
381 918 13.4696
381 1025 91.9753
381 1192 25.4989
382 830 20.7961
382 913 72.1254
382 1096 38.8349
383 860 72.0863
383 1095 84.5917
384 808 45.6578
384 1000 66.4149
384 1198 8.30973
385 450 18.1466
385 722 24.1269
385 1015 35.6666
386 407 70.2761
386 523 32.8357
386 1005 44.9256
387 629 3.52244
387 633 15.2099
387 995 44.9012
388 732 63.7294
388 777 52.5323
388 906 63.8858
389 487 67.7668
389 752 73.4679
390 414 106.601
390 995 93.2552
390 1011 99.1295
391 662 71.1713
391 1119 97.6699
392 931 68.1529
392 977 5.86717
392 1029 29.3876
394 1128 65.4876
395 408 79.8913
395 947 63.0702
395 1072 94.3392
396 914 16.3505
397 711 26.9414
397 903 29.2304
398 706 59.2223
399 706 77.3027
399 1004 57.5994
399 1103 67.9577
400 418 34.7345
400 1134 76.2205
401 1191 85.597
402 518 79.9316
402 758 87.6092
402 863 57.0584
403 491 95.1432
403 721 41.7544
403 964 77.2586
403 1102 61.6388
404 706 74.0439
404 778 14.2976
404 871 20.8879
405 853 62.1456
405 972 74.2901
406 600 37.4527
406 988 28.432
407 808 57.7558
407 917 83.8554
408 947 16.3384
408 958 65.1131
408 1072 109.317
409 858 38.9358
410 856 67.1254
411 941 81.3305
411 1024 10.7418
411 1041 51.7626
411 1101 58.0926
412 420 111.152
412 590 7.93195
412 688 100.437
413 982 50.8092
415 443 30.0882
415 475 32.4415
415 1160 70.8184
416 654 16.7351
416 896 30.6229
417 888 70.4689
417 1091 31.0677
417 1189 42.1284
418 1134 111.267
419 452 45.1681
419 515 92.2377
419 701 74.1744
420 590 99.7612
420 1023 34.0969
420 1167 46.1045
421 528 28.1432
421 1079 38.7551
422 544 67.288
422 724 46.0051
422 970 68.6127
422 978 98.9215
422 1053 48.5224
423 595 54.0649
423 845 34.3728
423 1120 39.3705
425 462 62.0656
425 512 84.5766
427 946 44.5727
428 675 72.9767
429 764 49.5935
429 771 16.041
429 804 65.3975
430 476 23.2177
430 639 27.8885
430 852 93.2013
430 1151 50.31
431 672 65.1072
431 996 85.9621
432 648 44.4417
432 683 71.152
432 900 42.9819
432 1019 44.0173
432 1068 73.6181
433 745 46.0526
433 1027 53.7929
434 655 123.575
434 697 52.7716
434 984 100.691
435 499 57.7122
435 617 77.0542
435 773 28.5508
436 1037 73.556
437 537 143.158
437 784 65.2564
437 1070 93.3453
437 1161 35.819
438 454 40.9821
438 985 70.7333
438 1148 68.5748
439 717 31.497
439 744 45.6992
439 831 106.384
440 723 17.6454
440 1115 59.7519
441 511 15.0491
441 631 45.8973
441 796 67.8957
441 1093 86.2945
441 1106 93.9649
442 784 64.8242
442 800 52.646
443 475 29.8665
443 482 68.393
444 749 15.0038
444 921 64.6199
444 1150 69.8127
445 505 45.6818
445 520 22.5222
445 1058 89.2869
446 715 74.6869
446 867 58.4748
446 1045 55.5056
447 1006 50.3656
447 1116 42.444
448 536 45.2724
448 640 7.17663
448 1037 52.5166
449 562 40.9337
449 746 28.5746
449 1159 43.9728
450 659 70.0611
450 722 5.93504
450 1015 44.1821
451 757 17.118
451 943 62.0542
451 955 94.3998
452 515 50.4947
452 1071 97.5391
453 479 86.7398
453 501 64.3045
453 969 95.5959
454 822 93.9316
454 985 45.4527
454 1200 92.1753
455 947 43.9129
455 958 21.4988
455 1071 38.237
456 754 50.5584
457 595 60.1899
457 1109 44.6217
457 1193 36.1432
458 543 61.9098
458 932 54.5839
458 935 84.8428
458 981 50.1877
458 1003 52.0657
459 681 53.9471
459 946 33.281
460 975 47.8738
460 1009 19.5331
461 519 55.08
461 552 9.08516
461 692 42.9207
462 1032 67.1127
462 1196 88.809
463 657 103.022
463 678 77.2109
464 750 31.7432
464 865 39.0384
465 959 122.211
465 1129 81.6322
466 667 72.3244
466 891 72.3846
466 1063 99.084
467 671 20.3964
467 929 61.0741
467 979 108.905
468 690 85.3392
468 718 107.537
469 581 115.024
469 783 91.0464
469 936 118.753
470 651 66.7841
471 827 19.8739
471 948 115.149
472 522 19.5944
472 716 20.2424
473 551 58.1634
473 821 30.1557
473 963 50.9595
474 484 90.7234
474 668 25.99
474 1012 115.921
476 639 13.2842
476 915 38.389
476 1151 22.6188
477 1061 54.9758
478 591 80.249
478 825 79.8486
478 877 48.1623
478 1049 64.6218
479 482 24.5776
479 501 52.2594
480 736 26.2579
481 632 71.5449
481 1082 51.1329
482 969 78.4851
483 489 62.5641
483 902 121.896
483 949 100.821
485 576 48.5627
485 656 45.6516
486 586 46.1954
486 728 139.067
486 953 119.961
486 1175 56.7049
487 923 47.2415
487 1187 54.7529
488 663 6.78667
488 803 70.4756
488 1199 86.338
489 510 78.3986
489 886 22.1638
489 949 100.325
489 1050 80.1287
490 750 30.1256
490 865 49.508
491 959 41.7463
492 658 27.4579
493 644 30.235
493 873 46.4335
493 928 61.8518
493 962 122.2
494 1086 68.2789
494 1165 48.504
495 635 61.8459
495 971 59.2265
496 837 30.6432
496 1125 50.8598
496 1183 42.0695
497 519 143.937
497 566 58.4809
497 759 114.677
498 858 77.7007
498 1204 23.5193
499 617 80.0534
499 762 47.9525
500 641 20.2591
500 664 29.67
500 1157 52.9602
501 525 81.3328
502 555 52.9124
502 832 21.803
502 1099 28.7927
503 596 55.0958
503 712 58.677
503 1084 13.7197
503 1123 59.2888
504 782 22.6109
504 861 71.3459
504 1114 46.2713
505 520 48.0775
505 1058 74.0104
506 514 12.6055
506 549 50.3664
506 748 65.4267
506 991 43.9304
506 1174 52.0644
507 899 77.6284
507 1066 91.3992
507 1130 61.9575
507 1152 150.489
508 632 3.40728
508 674 25.1031
508 850 52.5485
508 859 89.1504
509 608 55.1862
509 1120 87.1724
510 886 66.4048
510 902 68.5467
510 949 68.6694
511 631 68.5883
511 796 28.456
511 1057 47.4492
512 1164 84.9754
513 828 36.2296
513 993 53.4763
514 540 57.4797
514 549 44.3735
514 748 110.371
514 991 80.2976
514 1174 41.6587
515 862 79.4498
516 690 125.395
517 822 69.5899
517 939 62.836
517 1048 70.0435
517 1148 71.7599
518 758 40.0431
518 1143 7.82034
519 552 40.7624
519 692 30.4381
520 944 143.899
521 607 66.4082
521 1008 72.4085
522 716 15.8855
523 1005 12.3444
524 657 32.9182
524 1164 35.893
525 1016 10.9172
525 1020 34.179
526 729 59.2979
526 814 47.2598
526 1064 38.9485
527 743 109.937
527 797 53.7447
528 690 102.149
528 1079 72.7872
529 603 57.5008
529 704 56.6022
529 727 18.6343
529 893 86.761
530 935 30.1916
530 1003 54.7252
531 534 86.1036
531 544 48.6716
531 724 40.2556
531 970 64.1893
532 661 97.0559
532 805 57.697
532 880 48.9577
533 685 26.4116
533 898 2.92486
533 1107 17.2191
534 724 80.6724
535 571 27.3089
535 897 33.4291
535 1129 38.6095
535 1173 80.7212
536 640 41.1269
536 1037 40.9283
537 1070 39.8613
538 667 50.462
538 1085 60.5844
538 1140 60.2759
540 549 78.4711
540 1133 101.239
541 879 57.0492
542 836 71.0283
542 1108 63.4007
542 1202 61.152
543 932 73.5234
543 981 14.3778
544 1053 62.5749
545 577 45.0332
545 738 39.3082
545 1043 52.0251
545 1076 123.685
546 693 2.89118
546 1054 87.8201
547 952 53.5158
547 1039 81.4622
548 780 77.4435
548 1118 100.379
549 862 100.625
549 1174 29.2335
550 1141 55.3482
550 1202 7.40232
551 718 49.078
551 821 45.8925
551 1074 20.0736
551 1203 12.6045
552 692 37.1788
553 590 93.4376
553 688 90.6516
554 589 29.4969
554 824 22.4883
554 844 31.1579
555 1099 42.5665
556 720 35.6361
556 733 76.8295
557 701 69.543
557 1051 64.4341
557 1067 112.939
558 781 38.9019
558 1141 30.0896
559 833 132.014
559 851 140.387
559 1097 160.577
559 1188 195.505
560 627 63.8787
560 782 81.8451
560 1144 94.4744
561 797 116.547
562 746 50.7127
562 849 41.1579
563 788 55.5258
563 1119 59.2834
563 1195 85.8933
564 682 66.0372
564 737 113.102
564 1104 64.2985
564 1155 67.0274
565 702 53.1438
566 592 45.7134
566 759 89.1276
566 1145 55.0169
567 623 25.1123
567 700 47.9503
568 840 50.1684
569 974 85.6058
570 572 62.263
570 672 7.44322
570 996 56.4746
571 897 6.54746
571 1129 21.949
572 672 50.0814
572 890 86.1851
572 1113 19.4839
573 945 74.7353
574 802 112.578
574 834 27.4632
574 990 75.4744
575 882 55.4898
575 1008 62.6627
576 892 48.8397
577 738 39.4789
577 829 63.2278
577 1043 26.369
578 707 62.3256
578 775 31.9636
578 874 31.6299
578 992 44.1157
579 713 75.0809
580 642 29.0085
580 878 34.0211
581 1186 58.3642
582 819 53.0848
583 1117 101.967
584 746 50.884
584 849 21.2325
584 999 9.64582
585 924 44.4121
585 1036 26.8128
585 1166 49.1172
586 728 26.1857
586 1175 101.131
588 619 13.6512
588 1165 24.147
589 824 40.5229
589 846 38.3626
590 1023 96.3434
591 825 34.5783
591 858 22.5644
591 877 22.2613
591 1128 74.5626
592 1145 17.0248
594 726 85.7734
594 884 80.7603
595 789 47.9432
595 1193 48.9362
596 712 97.3114
596 974 41.7382
597 869 56.5766
598 599 66.6139
598 1080 74.3566
600 988 32.8912
601 634 69.6975
601 944 125.783
602 1135 18.582
602 1157 58.2795
603 689 76.8869
603 696 40.7974
603 704 37.9107
603 727 70.9471
604 839 111.574
604 901 45.4583
604 909 89.0214
604 926 40.0922
605 607 26.9171
606 735 18.841
606 745 25.0128
608 789 83.5758
608 845 23.1822
608 1120 35.7388
610 1110 75.6965
610 1147 69.4486
611 666 57.8242
611 1100 11.3978
611 1182 41.6817
612 624 38.9526
612 641 52.9083
612 664 57.9411
612 742 94.3289
613 636 88.1043
613 996 50.0556
613 1122 67.4615
614 715 81.7748
614 812 69.6859
614 1034 48.5182
615 730 118.875
615 838 24.7864
615 1121 100.733
616 960 13.682
617 773 85.3799
618 948 30.4681
619 1165 41.1359
620 815 16.5831
620 1162 58.8822
620 1184 19.0819
621 1028 70.5177
622 713 46.1681
622 916 110.682
622 951 49.328
623 700 58.1163
624 641 82.8273
624 742 24.1605
625 663 122.62
625 803 112.679
625 1199 97.9423
626 751 85.7241
626 801 126.339
627 1144 48.8353
628 786 62.7076
628 872 59.8494
628 1189 102.287
629 633 16.9766
629 995 32.6645
630 905 56.7724
630 1002 113.102
630 1026 63.0491
630 1194 6.39097
631 1057 58.9774
631 1093 61.544
632 674 30.3957
633 824 30.133
633 995 57.3233
634 850 63.9494
635 971 67.7679
635 1133 83.0717
636 996 64.2041
637 777 93.2913
638 678 84.2684
638 719 34.0732
638 957 105.411
639 915 43.5157
639 1151 5.6222
641 664 23.3539
641 1157 61.8565
642 878 9.56494
643 646 15.9786
643 1018 68.839
644 873 50.8338
644 928 110.755
645 652 41.0857
645 670 50.6957
645 1022 44.7637
646 1018 63.5968
647 1012 86.6894
647 1173 79.5735
648 900 37.7551
648 1040 85.7759
648 1056 41.302
649 938 35.7291
649 967 37.1568
649 1201 60.2289
650 766 28.1138
650 820 33.3398
650 847 31.9685
652 872 35.843
652 1022 36.3844
653 710 54.5057
653 1139 99.6262
654 896 41.6102
655 984 109.511
655 1108 75.4283
656 792 66.0883
657 678 91.7462
657 1164 80.9923
659 722 51.3646
659 1117 68.2962
660 809 40.2565
660 1047 4.31088
661 950 100.335
662 707 83.3711
663 803 65.4873
663 1199 68.9213
665 915 119.115
665 1118 119.345
666 1084 69.6166
666 1100 45.4923
667 1126 79.1804
667 1136 67.9133
668 1012 87.7644
669 689 63.8368
669 1138 71.8032
671 929 52.6367
671 979 89.8936
673 699 54.6737
673 806 70.1886
673 831 27.0324
674 850 64.9691
676 769 57.2142
676 876 82.37
677 740 39.4002
679 733 105.896
680 790 48.6417
680 961 45.7351
682 816 133.458
682 1104 38.3881
682 1155 39.9595
683 866 37.3391
683 954 47.1722
684 980 72.7347
685 833 68.119
685 851 87.1429
685 898 37.3683
685 1107 49.4989
686 868 57.0391
687 881 69.5387
687 908 105.063
688 1001 63.9655
689 696 20.6844
689 1138 59.4191
689 1177 78.161
694 846 56.3063
694 989 22.3633
695 767 61.2081
695 1169 50.9458
696 1138 95.1478
697 984 63.9792
698 751 63.7458
698 775 59.6627
698 1163 42.1286
699 831 73.9303
700 768 70.993
700 785 54.007
701 986 75.469
701 1067 65.3864
702 907 66.7449
703 828 110.554
703 1051 71.1021
703 1067 27.7503
704 727 24.352
705 1098 74.0671
706 778 78.3427
706 871 60.4806
707 874 62.283
708 1021 21.9244
709 842 100.853
709 1042 3.14574
709 1075 105.239
710 1139 152.178
711 903 44.6074
712 1084 62.4541
712 1123 36.0709
713 940 47.7448
713 1205 49.1236
714 1125 91.8067
715 867 26.0297
715 1034 65.8294
716 786 152.575
717 734 72.457
717 744 28.8806
718 759 70.5148
718 963 48.2567
719 787 53.17
721 878 57.233
721 883 71.1992
721 1102 52.4831
722 1015 38.0947
723 1115 53.6837
724 970 6.30962
724 978 39.9529
725 986 82.5347
725 1071 60.6053
726 1065 53.3834
728 1053 55.3908
728 1160 49.4277
729 889 26.4865
729 908 79.3928
729 1014 34.536
730 838 118.59
731 770 43.9895
731 835 59.9903
731 848 73.4403
732 906 47.6044
733 994 86.3919
734 744 93.686
734 831 85.2015
734 937 64.2386
734 1020 77.8585
735 745 63.7462
737 1104 153.348
738 1043 65.9792
739 776 38.6941
741 1038 39.0192
743 797 35.3235
746 849 50.1232
746 999 62.8127
746 1159 67.515
747 1106 67.6409
748 991 50.6785
749 921 83.8179
750 865 37.6001
751 1163 29.7076
752 868 72.8668
753 952 113.486
753 1039 50.5458
755 1069 16.6902
755 1083 48.9851
755 1162 84.9479
756 968 46.995
757 955 97.1055
758 863 51.9675
758 1143 40.5394
759 963 94.4274
760 761 27.0347
760 823 76.2257
761 823 31.0561
762 1018 103.691
763 965 91.3788
763 1035 50.5523
764 771 69.9515
764 998 82.0204
765 1112 8.23559
765 1154 57.2368
765 1176 91.8709
766 820 32.5421
767 875 41.4347
768 785 56.0398
769 785 99.7827
770 835 23.9286
770 848 34.0745
770 919 57.7551
771 804 65.4922
772 1048 52.6045
772 1148 93.8937
774 931 27.4176
774 1057 90.3517
775 874 70.1023
775 992 42.5493
776 1086 54.3018
777 906 135.929
778 871 21.9387
779 974 47.9763
779 1088 43.4836
779 1090 60.5101
780 968 53.5369
780 1046 115.363
781 1141 30.1439
782 861 37.6875
782 1114 44.6689
783 936 26.401
783 1178 67.1693
784 1161 24.5182
787 957 78.2171
788 1119 76.2426
789 845 63.5455
790 961 98.816
791 1030 35.9099
793 907 34.3963
794 912 126.093
795 1050 84.5547
796 1057 48.4937
798 1147 58.683
799 893 45.6143
799 1124 47.1818
802 834 133.358
805 880 111.293
806 937 37.3646
807 925 63.8835
807 966 85.6818
808 917 82.1944
808 1198 37.995
809 855 32.2961
809 1047 33.4444
810 887 110.844
810 1061 70.4161
810 1073 132.761
812 867 43.1985
814 1064 3.56805
815 1162 45.2259
815 1184 12.4124
816 1137 158.76
818 1044 47.5086
818 1049 18.8509
818 1128 70.638
819 1033 79.7939
820 1062 88.5204
821 1203 67.2985
822 985 54.2748
822 1148 61.064
823 1188 190.789
824 844 49.3609
825 858 38.3017
825 877 33.2037
826 1137 61.3566
828 1051 65.698
828 1067 118.349
829 926 44.2943
829 1043 48.9203
830 899 62.6482
830 1096 41.5394
832 1099 38.328
833 851 51.6086
834 990 74.733
835 848 24.325
835 919 87.2891
837 1183 27.9212
839 909 29.5906
839 1149 91.9374
841 910 121.441
841 922 77.7811
841 1181 49.238
842 852 40.667
842 1042 107.775
843 885 45.7342
843 1094 44.0461
845 1120 9.6526
846 870 52.027
846 989 43.0198
847 1098 61.2502
847 1179 43.2076
848 919 39.1578
849 999 35.3284
852 953 83.9473
853 939 58.0848
854 1058 27.4721
854 1122 61.0606
854 1132 89.4419
855 933 44.568
856 1094 64.567
857 864 85.6633
857 1080 37.6821
859 1122 110.753
860 1095 64.0573
863 990 100.852
863 1149 81.0048
864 1080 22.0027
866 920 74.7499
866 954 12.7143
866 1158 36.7383
869 1045 15.6458
872 1022 10.1752
873 928 43.8716
873 962 86.7171
874 992 26.6895
876 997 144.68
877 1128 41.9549
880 971 45.8124
880 1010 70.0421
880 1142 70.5435
881 976 26.4105
882 1008 44.9496
883 891 49.899
884 1195 92.8532
885 1094 90.9259
885 1182 73.3758
886 1050 38.61
887 1073 32.9361
888 1091 45.9731
889 908 40.7565
890 1113 52.7827
891 1126 135.189
892 1132 114.689
893 1124 36.6807
894 943 23.2047
894 955 86.2243
895 1052 24.3542
897 1129 17.8854
897 1173 122.751
898 1107 20.3265
899 1066 46.2476
899 1130 84.0129
900 1019 34.5221
900 1040 60.5951
901 926 11.8692
902 949 28.1069
904 905 125.687
904 1146 49.9717
905 1146 34.6115
907 923 57.5114
909 1002 135.287
910 922 131.894
910 1181 59.0715
911 1006 49.2993
912 942 84.9387
913 1096 49.4158
915 1151 29.2401
916 951 50.108
918 1025 69.389
918 1192 39.1711
920 954 68.1644
920 1158 61.719
922 1181 55.5259
923 1187 40.9026
925 966 38.578
928 962 32.8088
928 980 64.3647
929 979 63.9608
932 981 57.8674
934 1013 21.9167
934 1046 60.5038
935 1003 21.9762
936 1178 23.5392
938 967 51.3311
940 956 41.8129
940 1205 7.06612
941 1024 112.696
941 1041 126.551
943 955 103.826
947 958 28.6544
947 1071 58.6327
950 1185 136.233
953 1175 91.1885
954 1158 61.8798
956 1205 59.7299
957 1059 57.3059
958 1071 13.6521
959 1102 52.518
960 1052 64.1214
964 1063 50.4336
965 1035 113.656
967 1061 37.4318
967 1201 48.8097
968 1201 81.9126
969 986 67.0101
970 978 37.8552
971 1134 39.4924
972 1027 35.3253
973 982 106.277
973 1032 112.561
973 1196 80.0408
975 1009 51.55
977 1029 42.8095
985 1200 77.8167
987 1084 64.8975
994 1178 96.0948
998 1170 46.3687
1000 1001 63.7003
1000 1198 96.3587
1002 1194 61.8291
1004 1103 51.7918
1004 1172 25.9341
1006 1116 64.9667
1007 1192 121.305
1010 1142 14.0912
1010 1197 27.613
1011 1114 83.1519
1013 1046 67.9372
1015 1111 57.4243
1015 1117 80.7202
1016 1020 18.8269
1019 1040 51.4248
1021 1197 82.1968
1023 1167 31.7228
1024 1041 73.115
1024 1101 42.7224
1026 1194 67.6228
1029 1096 56.6559
1031 1156 74.221
1032 1196 32.4876
1033 1154 62.9804
1033 1176 89.9533
1035 1130 68.7833
1036 1166 34.0801
1039 1171 54.3826
1041 1101 39.2425
1042 1075 68.9971
1043 1076 70.7495
1044 1049 40.6324
1048 1148 18.0042
1051 1067 47.1512
1053 1160 40.9852
1055 1170 31.3942
1056 1068 63.2623
1056 1087 71.1259
1058 1122 62.704
1058 1132 146.575
1060 1177 32.5875
1061 1201 89.3822
1063 1078 140.225
1066 1130 97.3537
1068 1087 99.252
1069 1162 68.1991
1069 1184 84.3988
1074 1203 16.9064
1075 1185 69.104
1077 1185 19.6279
1081 1085 30.595
1081 1140 19.8171
1081 1153 49.0645
1083 1156 59.94
1084 1123 97.4976
1085 1140 31.1393
1085 1153 52.0315
1088 1090 5.91446
1091 1189 73.3181
1092 1190 59.7429
1093 1106 71.8526
1094 1182 66.8906
1097 1188 135.059
1098 1101 40.8722
1100 1182 57.6091
1103 1172 102.377
1104 1155 58.5193
1105 1180 13.0669
1109 1193 30.5865
1110 1147 77.8903
1110 1186 79.5887
1111 1117 94.5823
1119 1195 66.7749
1126 1136 96.2459
1127 1206 58.1031
1131 1139 61.506
1140 1153 26.8447
1141 1202 60.3513
1142 1197 13.8778
1152 1206 131.049
1154 1176 50.7652
1158 1191 76.3799
1162 1184 62.1973
