260 476
0 32.2033 356.601
1 373.566 692.303
2 476.511 760.431
3 597.486 693.719
4 709.621 796.527
5 179.087 445.732
6 227.677 577.338
7 587.152 613.674
8 301.344 401.662
9 124.675 541.666
10 704.58 714.586
11 606.638 249.682
12 316.894 741.722
13 268.898 495.784
14 661.689 623.831
15 230.448 536.636
16 226.607 163.724
17 341.715 753.516
18 441.674 307.136
19 796.43 588.645
20 169.574 315.95
21 146.155 436.453
22 649.513 602.071
23 596.321 371.847
24 573.996 537.927
25 9.10635 608.082
26 98.7418 627.535
27 176.556 645.158
28 147.421 139.391
29 426.146 731.738
30 284.999 766.356
31 288.647 617.988
32 227.341 118.601
33 29.4852 640.819
34 400.269 650.182
35 227.367 496.675
36 397.653 663.532
37 733.859 455.454
38 81.2538 226.099
39 643.304 322.304
40 635.604 14.622
41 68.0126 602.537
42 701.157 406.226
43 394.456 361.994
44 403.273 740.09
45 253.612 61.3632
46 655.627 547.451
47 13.9168 371.731
48 433.815 63.035
49 354.395 663.933
50 454.879 724.858
51 546.927 159.7
52 109.351 160.557
53 409.812 515.047
54 545.6 430.77
55 495.082 784.699
56 609.656 192.238
57 588.623 30.9156
58 393.898 59.3282
59 136.42 680.827
60 620.776 689.534
61 273.206 319.151
62 213.042 283.71
63 461.835 508.889
64 781.026 207.055
65 762.22 3.98435
66 208.443 253.316
67 630.603 295.922
68 705.233 437.476
69 246.725 781.045
70 127.787 710.774
71 286.447 605.732
72 578.378 502.654
73 354.569 91.017
74 618.134 750.099
75 465.737 87.1137
76 363.212 297.309
77 468.796 749.233
78 375.43 528.446
79 168.08 309.074
80 743.478 732.544
81 728.284 717.859
82 473.137 387.679
83 70.4515 606.757
84 342.137 42.3524
85 270.834 80.9385
86 623.207 25.0186
87 300.039 328.233
88 778.476 78.9192
89 102.63 25.912
90 436.743 369.262
91 467.136 300.278
92 512.625 468.482
93 421.529 432.281
94 761.259 69.5822
95 507.838 273.778
96 115.197 144.843
97 514.21 363.982
98 584.429 65.1487
99 338.672 367.426
100 611.795 783.487
101 402.329 125.86
102 39.0972 584.133
103 196.444 211.84
104 571.513 714.084
105 791.199 596.031
106 119.035 208.89
107 444.342 676.46
108 481.956 115.283
109 145.724 234.007
110 627.671 104.329
111 687.516 769.678
112 410.156 738.035
113 777.409 652.762
114 72.5554 143.634
115 467.317 233.75
116 644.754 149.073
117 315.662 715.726
118 372.439 2.25445
119 291.857 49.9055
120 72.7729 710.604
121 591.864 742.58
122 300.068 461.927
123 614.741 747.567
124 657.212 729.984
125 142.708 429.859
126 741.154 426.607
127 315.089 8.47349
128 671.11 120.89
129 489.588 564.361
130 446.397 192.483
131 88.0724 113.783
132 758.87 105.92
133 424.979 67.0865
134 438.637 284.183
135 260.863 691.818
136 114.01 581.863
137 169.185 698.841
138 44.3922 242.636
139 692.507 794.767
140 658.343 672.976
141 358.787 192.791
142 6.76331 401.617
143 651.331 233.281
144 104.941 431.833
145 249.227 621.376
146 354.495 86.3405
147 467.69 383.683
148 481.707 356.204
149 631.694 527.111
150 141.878 683.115
151 763.629 129.881
152 69.1005 698.422
153 26.2724 738.543
154 412.436 39.4483
155 791.4 639.63
156 779.078 239.643
157 405.746 69.4989
158 338.894 33.1989
159 667.048 393.637
160 19.0581 541.439
161 527.529 101.056
162 220.493 66.7804
163 280.382 291.222
164 192.195 677.155
165 649.302 320.23
166 264.476 224.4
167 576.494 253.197
168 647.357 699.72
169 212.617 606.387
170 471.889 454.076
171 311.83 360.314
172 473.408 35.5332
173 213.996 584.329
174 492.951 637.687
175 616.197 535.718
176 125.307 791.956
177 764.767 477.844
178 246.841 148.593
179 169.332 643.402
180 310.424 380.712
181 270.858 749.699
182 670.962 520.221
183 338.733 580.362
184 647.3 633.881
185 181.894 451.022
186 436.842 584.987
187 259.506 251.808
188 6.21908 95.9037
189 340.434 467.04
190 672.601 0.748112
191 380.271 505.283
192 107.151 725.511
193 357.038 563.379
194 667.212 652.022
195 320.003 406.072
196 266.492 498.632
197 609.072 785.924
198 692.683 325.501
199 299.867 577.493
200 205.043 409.082
201 712.982 104.609
202 387.345 269.151
203 740.215 391.615
204 156.197 267.447
205 2.89194 22.3634
206 321.955 124.217
207 478.603 345.039
208 571.366 536.715
209 639.635 735.739
210 696.275 553.395
211 757.463 526.207
212 217.092 407.258
213 67.6432 194.014
214 432.629 176.652
215 222.87 473.2
216 156.747 801.915
217 92.5564 85.9905
218 258.28 4.19149
219 619.748 375.224
220 388.282 233.186
221 727.408 80.2594
222 552.417 335.664
223 345.201 193.902
224 595.832 220.953
225 325.69 355.366
226 600.188 448.876
227 49.7698 218.04
228 298 484.048
229 636.27 290.919
230 7.93829 565.472
231 732.737 338.748
232 302.877 80.3781
233 57.6251 295.668
234 368.052 427.745
235 80.0021 546.969
236 280.352 642.398
237 573.061 351.569
238 401.19 749.643
239 667.824 744.245
240 148.282 576.662
241 89.5221 358.1
242 2.19959 606.965
243 648.905 3.2841
244 720.974 188.15
245 616.75 405.989
246 445.12 793.127
247 62.7821 773.622
248 90.9032 409.597
249 753.276 624.918
250 388.833 123.956
251 403.589 192.182
252 468.466 89.1999
253 785.114 545.4
254 507.81 580.485
255 204.581 446.712
256 228.803 768.676
257 40.8795 762.76
258 637.926 353.85
259 624.089 660.721
0 47 47.0938
0 142 93.2352
0 233 67.2406
0 241 84.6625
1 34 88.1124
1 36 49.8687
1 49 66.7722
2 50 75.6669
2 55 38.2933
2 77 26.2831
2 246 54.7863
3 60 38.9158
3 104 52.7613
3 259 48.8238
4 111 43.2726
4 139 30.0405
4 239 84.7466
5 21 52.179
5 125 56.7762
5 185 10.7538
5 200 76.7032
5 212 68.0791
5 255 29.4891
6 15 64.1574
6 169 62.1294
6 173 27.3868
7 22 87.0292
7 184 107.332
7 259 72.0517
8 171 49.5758
8 180 45.2667
8 195 22.0619
9 136 77.6475
9 235 64.381
9 240 63.04
10 80 65.2526
10 81 43.365
10 239 68.1658
11 56 83.3286
11 143 92.9738
11 167 45.4853
11 224 58.1432
12 17 31.024
12 30 54.6013
12 117 28.8659
13 35 47.5944
13 122 58.6117
13 196 4.09284
13 228 31.9022
14 22 39.8288
14 184 20.9639
14 194 48.7993
15 35 70.6644
15 173 90.9045
16 32 54.7935
16 103 60.8979
16 178 27.1818
17 30 106.996
17 117 54.8107
18 91 41.5641
18 134 37.5172
18 207 62.7922
19 105 16.2462
19 155 59.3182
19 253 87.6048
20 62 56.5798
20 79 10.6417
20 204 84.3053
21 125 11.4956
21 144 72.41
21 185 41.0813
22 184 36.97
22 194 73.2713
22 46 54.9619
23 219 33.9007
23 222 104.782
23 237 50.6338
23 245 53.6972
24 72 67.2943
24 175 43.0552
24 208 4.35639
25 33 66.1736
25 102 49.464
25 242 10.3177
26 41 57.4911
26 83 68.1337
26 136 87.183
27 150 64.9614
27 164 69.1291
27 179 9.64188
28 52 73.2706
28 96 53.3199
28 131 68.3879
29 44 28.9858
29 50 38.2267
29 112 23.1243
29 238 54.2727
30 69 45.4108
30 181 43.1166
30 256 88.484
31 71 18.5811
31 145 57.0666
31 199 81.3612
31 236 35.1986
32 162 90.8527
32 178 35.7888
33 83 104.315
33 242 68.7303
34 36 19.4758
34 49 95.2402
34 107 91.7746
34 186 149.405
35 196 54.3008
35 215 24.8889
36 49 60.6244
36 107 90.0689
37 68 55.3187
37 126 41.843
37 177 62.7898
38 106 60.987
38 138 76.7343
38 213 55.4104
38 227 61.3728
39 67 57.4589
39 165 9.80531
39 198 60.3683
39 229 49.3265
39 258 38.3346
40 57 76.2485
40 86 28.2844
40 190 71.609
40 243 23.5214
41 83 9.39723
41 102 46.2106
42 68 61.11
42 159 43.2292
42 203 48.3327
42 231 82.5913
43 90 64.6499
43 99 64.5506
43 225 84.3229
44 112 10.9491
44 238 13.547
45 85 34.3777
45 119 71.4697
45 162 44.199
45 218 63.0036
46 149 62.5334
46 175 47.5728
46 182 55.4798
46 210 56.7477
47 142 39.9192
47 241 84.9207
48 75 47.8911
48 133 10.6174
48 154 47.5071
48 157 33.5179
48 172 77.7208
48 252 48.0244
50 77 40.3933
50 107 87.0834
51 56 96.1649
51 161 83.2932
51 224 142.017
52 96 26.921
52 106 70.6996
52 114 59.9247
53 63 67.5974
53 78 52.5368
53 191 32.5916
54 92 67.4264
54 97 104.708
54 226 60.8314
55 77 68.4919
55 246 84.1332
56 116 62.1182
56 143 78.5799
56 224 51.8716
57 86 65.0859
57 98 68.5603
58 133 58.6601
58 146 75.4576
58 154 31.4256
58 157 29.9672
59 70 56.4573
59 137 68.2405
59 150 8.32536
60 168 38.7501
60 259 34.7748
61 87 47.4148
61 163 29.5072
61 171 69.1475
62 66 58.8467
62 79 79.55
63 92 92.7285
63 129 75.4658
63 170 73.147
64 151 119.658
64 156 44.2362
64 244 101.784
65 88 125.668
65 94 106.617
65 221 132.007
66 103 66.393
66 166 63.8471
66 187 70.1477
67 165 41.6778
67 167 75.7422
67 229 12.4243
68 126 72.5684
69 181 58.93
69 256 34.2036
70 150 37.1038
70 192 29.0441
71 183 72.8608
71 199 35.4172
71 236 48.7397
72 175 52.0367
72 208 37.389
72 226 110.95
73 101 71.7572
73 146 4.85044
73 206 66.7
73 250 80.7741
74 100 49.7995
74 121 37.5145
74 123 4.78371
74 197 43.4889
74 209 37.3552
75 108 54.6325
75 172 98.092
75 252 5.43784
76 202 64.5986
76 220 134.57
76 225 108.058
77 246 78.2945
78 191 34.6108
78 193 69.1105
79 204 43.4513
80 81 34.5664
80 111 120.393
81 111 118.896
82 90 49.9226
82 97 75.1438
82 147 7.39505
82 148 35.6369
83 102 51.5716
84 118 59.6667
84 127 74.3147
84 146 53.7122
84 158 17.2526
85 119 45.5557
85 162 60.2411
85 178 119.356
85 232 51.465
86 98 107.044
86 190 91.2876
86 243 62.8722
87 163 71.4262
87 171 56.8088
87 225 49.9028
88 94 28.7895
88 132 42.9191
88 151 94.5016
88 221 87.9082
89 131 99.9682
89 205 196.425
89 217 90.2753
90 93 90.7617
90 147 64.868
91 95 93.6421
91 134 65.0056
91 207 57.503
92 170 84.727
93 170 83.5031
93 234 54.3104
94 132 68.4597
94 221 38.1879
95 115 108.385
95 134 127.674
96 114 46.0561
96 131 61.7595
97 148 41.552
97 207 78.8069
97 222 76.4014
98 110 115.561
99 171 40.6687
99 180 55.9066
99 195 67.5704
99 225 28.2286
100 123 62.7553
100 197 3.78583
101 157 109.434
101 214 67.8773
101 250 24.4541
102 160 68.2228
102 230 53.5879
102 235 87.5335
102 242 81.5344
103 109 94.8532
104 121 62.3219
104 123 109.209
105 113 84.4379
105 155 50.0693
105 249 70.8726
105 253 65.946
106 109 71.2059
107 174 107.699
108 161 86.4853
108 252 49.3468
109 204 66.2733
110 116 84.1925
110 128 78.7728
111 139 35.4995
111 239 35.2164
112 238 19.056
113 155 37.2667
113 249 67.3749
114 131 41.7884
114 188 89.6606
114 213 96.0263
114 217 77.5486
115 130 90.9829
115 134 95.5526
116 128 71.0629
117 135 83.7392
117 181 103.399
118 154 59.9042
118 158 52.4681
119 127 75.3685
119 218 79.6187
119 232 52.8634
120 152 15.5271
120 153 67.9295
120 192 73.7069
120 247 70.08
120 257 73.1519
121 123 25.5186
122 189 45.8935
122 228 27.917
123 197 65.5178
123 209 28.1011
124 168 35.5437
124 209 32.42
124 239 27.1492
125 144 37.982
125 248 66.2246
126 177 106.702
126 203 69.7777
127 158 38.8361
127 218 87.2816
128 201 46.3214
129 174 131.127
129 186 96.6016
129 254 35.7396
130 214 27.2663
130 251 60.283
131 188 166.472
131 217 54.2581
132 151 47.204
132 201 85.6856
132 221 42.649
133 154 49.7311
133 157 37.4291
134 202 62.2814
135 181 116.095
135 236 82.9462
136 235 51.8431
136 240 53.5346
137 150 41.3798
137 164 53.1536
138 213 63.5368
138 227 26.3189
138 233 79.1304
139 239 110.915
140 168 42.9958
140 194 31.5405
140 259 51.0644
141 220 76.4539
141 223 25.6312
141 251 53.1589
142 248 135.656
143 224 100.39
144 248 48.6518
145 169 63.0809
145 236 52.2574
146 206 99.6585
146 250 94.0973
147 148 61.6186
147 207 79.5828
148 207 17.4021
149 175 28.9573
149 182 45.5296
150 179 48.9187
151 201 60.2968
151 244 115.177
152 153 84.6239
152 192 91.9541
153 247 68.3447
153 257 43.1925
154 157 32.5282
155 249 47.4413
156 231 156.292
156 244 86.5895
159 219 86.6731
159 258 61.1893
160 230 51.6535
160 235 93.9486
161 252 113.6
163 166 72.395
163 187 67.1392
164 179 56.7814
165 198 71.6374
165 229 54.0403
165 258 48.0188
166 187 50.629
167 224 45.2201
169 173 35.3834
171 180 39.8594
171 225 22.0699
172 252 55.4457
173 240 94.6978
174 254 99.7347
175 208 46.6899
176 192 127.245
176 216 51.0901
176 247 70.3351
177 211 55.8248
180 195 42.5556
180 225 58.6616
181 256 54.112
182 210 68.2611
183 193 39.8702
183 199 76.4444
184 194 47.9085
184 259 45.1666
185 215 50.2741
185 255 28.8404
186 254 134.943
188 205 83.6767
189 191 81.2072
189 228 49.4152
189 234 75.9674
190 243 41.2342
192 216 91.3276
193 199 65.2249
195 234 90.4489
196 228 69.4124
198 231 51.5815
200 212 18.5913
200 255 44.8106
201 221 28.6771
202 220 54.1576
203 231 92.5357
205 217 115.076
206 232 57.2523
209 239 43.4237
210 211 69.2773
211 253 48.1953
212 255 71.1862
213 227 56.3006
214 251 33.8235
215 255 45.1693
216 256 139.253
219 237 78.5396
219 245 33.6722
219 258 48.5506
220 223 67.0134
220 251 51.2708
222 237 50.6569
223 251 89.613
226 245 81.2614
230 242 68.8101
233 241 75.285
241 248 99.7245
247 257 48.8016
