1532 2856
0 464.486 315.316
1 1460.04 1098.75
2 494.661 1469.15
3 1381.48 278.963
4 298.113 1157.01
5 100.787 1834.52
6 1500.02 991.196
7 1559.22 1623.25
8 1713.09 1642.62
9 449.056 844.695
10 1160.24 1059.44
11 806.257 663.596
12 1783.25 930.762
13 1296.34 1780.45
14 1038.85 1921.37
15 741.869 1904.23
16 1242.77 1873.53
17 1117.05 1475.05
18 147.024 357.921
19 1622.4 428.786
20 513.742 1195.75
21 940.679 624.093
22 1519.24 905.459
23 38.4603 1560.81
24 1022.97 1075.26
25 158.124 665.736
26 884.584 1681.13
27 1376.92 174.39
28 117.961 1929.67
29 271.768 1197.87
30 823.437 953.612
31 1698.12 1215.47
32 1630.02 319.497
33 1409.67 1300.28
34 372.087 1193.3
35 617.404 1608.03
36 899.153 1672.29
37 1320.88 1857.7
38 1946.98 35.69
39 862.132 740.227
40 1628.52 1878.09
41 1537.74 1783.48
42 1525.94 1256.21
43 1642.82 1480.19
44 1628.16 623.167
45 439.607 639.836
46 528.535 1131.72
47 1449.75 873.555
48 303.999 82.443
49 930.975 295.213
50 1788.44 80.9041
51 958.614 641.721
52 558.943 423.59
53 1821.83 706.86
54 469.868 192.138
55 1426.02 1004.72
56 783.464 466.317
57 1762 1573.48
58 78.8265 481.686
59 1889.99 1476.85
60 590.827 909.436
61 1642.42 1285.48
62 1284.57 1032.31
63 310.602 681.773
64 89.3295 530.17
65 1599.18 1699.92
66 729.794 802.582
67 1293.22 1310.29
68 793.111 1757.37
69 1326.74 1363.12
70 198.784 1565.92
71 1590.86 824.782
72 1261.31 1192.19
73 445.916 824.36
74 277.552 1064.83
75 1923.95 782.858
76 1429.19 1931.25
77 1783.28 777.84
78 770.197 1809.6
79 18.2167 342.261
80 454.087 829.615
81 1776.07 1035.89
82 1770.23 422.214
83 455.227 1839.74
84 281.23 1129.83
85 1200.96 925.116
86 649.075 1610.87
87 1255.8 1852.18
88 717.802 1670.92
89 1844.57 1633.54
90 1133.09 1798.49
91 1464.75 199.981
92 1013.89 327.279
93 1432.88 5.30698
94 1887.34 1776.26
95 847.884 1399.57
96 1873.48 246.794
97 684.01 1940.97
98 709.803 1818.95
99 945.656 797.098
100 245.304 739.702
101 532.252 1697.58
102 1052.41 1385.41
103 167.341 1399.49
104 1477.86 1195.74
105 1846.19 1356.99
106 321.447 209.537
107 919.292 1480.78
108 286.526 872.965
109 1371.61 1884.99
110 36.0388 1550.44
111 400.7 756.995
112 1370.9 725.992
113 690.496 437.556
114 1025.15 862.191
115 1089.41 258.126
116 207.533 1545.28
117 572.819 1726.08
118 1837.21 1326.43
119 1673.69 473.466
120 1931.03 687.712
121 773.953 1585.65
122 824.606 1698.26
123 65.7454 609.838
124 1298.02 156.805
125 611.25 32.202
126 768.832 1636.45
127 165.048 1133.87
128 1409.76 1893.4
129 1475.21 665.313
130 492.156 1010.18
131 764.37 127.414
132 1668.46 1344.75
133 1066.55 1017.2
134 1214.02 1060.66
135 735.961 312.742
136 779.07 1895.21
137 139.46 1690.82
138 183.552 1012.59
139 607.956 1128.86
140 1836.05 1537.21
141 542.575 1508.91
142 670.94 1129.68
143 886.534 108.627
144 324.005 153.582
145 378.291 626.076
146 725.897 80.7191
147 1179.06 953.404
148 301.896 1339.27
149 1897.03 1287.49
150 671.764 926.751
151 1864.37 163.886
152 729.286 1480
153 4.96823 634.709
154 1024.64 1688.36
155 1941.59 1824.18
156 1176.22 1733.9
157 889.181 1128.18
158 1830.32 79.1502
159 1930.08 1599.26
160 1862.67 1104.51
161 1475.73 1094.92
162 528.708 245.492
163 467.333 1880.85
164 1080.75 1470.36
165 1497.42 1415.59
166 409.195 1175.51
167 757.107 752.675
168 757.461 1827.63
169 475.621 1518.91
170 1879.54 661.673
171 460.502 1380.57
172 1881.8 1324.77
173 17.0186 1383.52
174 966.85 89.5599
175 448.941 1311.04
176 816.396 356.45
177 1498.79 1508.25
178 988.507 60.8436
179 182.958 1422.53
180 1826.82 53.7617
181 25.8457 966.491
182 1377.3 122.039
183 1198.22 499.199
184 81.2367 195.438
185 366.074 910.314
186 146.412 1657.9
187 1611.54 1845.65
188 1426.91 1098.17
189 1332.87 5.75178
190 527.055 636.59
191 715.259 790.954
192 986.587 669.511
193 1069.76 1031.55
194 750.221 328.817
195 1927.38 1720.73
196 1431.11 744.947
197 1077.11 357.809
198 71.8246 506.361
199 1237.58 1913.25
200 32.9071 881.985
201 547.548 1250.75
202 816.211 1691.46
203 155.293 475.091
204 319.591 1238.55
205 54.6173 293.436
206 21.0922 268.741
207 108.798 73.4145
208 1335.47 477.047
209 699.797 415.939
210 1863.06 1480.37
211 201.923 1587.57
212 1207.87 490.211
213 490.433 1159.34
214 1867.32 371.637
215 1831.15 1158.77
216 182.977 1355.24
217 786.132 855.073
218 794.98 789.741
219 860.941 1848.37
220 1146.92 1498.2
221 101.669 304.59
222 157.54 258.001
223 138.301 1841.54
224 1852 515.919
225 1025.67 1448.78
226 1641.7 126.385
227 269.346 1689.93
228 1855.05 1790
229 1783.74 1693.21
230 1655.58 1104.3
231 26.1255 1445.31
232 1126.99 1025.29
233 1835.73 1456.58
234 1175.91 1796.27
235 970.707 1206.24
236 195.809 890.378
237 532.819 806.528
238 1069.91 1659.53
239 5.56053 893.02
240 1413.39 764.235
241 900.052 628.418
242 450.282 1672.2
243 839.812 1471.31
244 958.592 387.475
245 872.931 3.85548
246 1163.2 184.817
247 43.7134 314.347
248 1166.71 1648.01
249 1571.62 1383.68
250 1831.09 1422.16
251 678.312 869.116
252 925.597 1361.3
253 1802.76 1402.46
254 1806.99 736.554
255 1779.24 1839
256 848.456 1498.81
257 1271.69 534.053
258 165.269 931.384
259 865.889 1645.49
260 1021.88 32.2125
261 1928.96 995.648
262 1367.83 508.543
263 1267.35 907.651
264 1007.25 221.728
265 1242.45 1484.84
266 1063.73 666.798
267 934.534 1611.71
268 177.72 1334.78
269 1537.24 879.142
270 412.655 915.629
271 95.4375 396.726
272 285.749 1054.04
273 1893.84 394.451
274 20.0577 1908.23
275 170.05 1439.17
276 1763.78 1555.06
277 876.432 1428.81
278 1600 1937.83
279 1468.15 1034.69
280 123.745 89.7985
281 1313.21 1745.42
282 283.416 1759.77
283 1853 403.787
284 631.541 393.685
285 1404.97 1780.99
286 1162.23 1217.16
287 1363.16 1657.76
288 1160.44 775.477
289 1651.46 1813.41
290 1156.77 1672.56
291 1907.71 378.136
292 1727.17 1513.15
293 900.487 730.553
294 1836.78 1069.03
295 949.359 1616.36
296 117.709 1041.97
297 682.654 482.953
298 1918.74 893.248
299 407.006 149.042
300 797.553 916.683
301 766.803 813.144
302 1416.92 1104.86
303 1005.4 1177.28
304 1868.58 140.209
305 617.919 127.74
306 597.669 1929.45
307 227.428 680.906
308 1447.39 544.352
309 1411.65 1124.84
310 1625.39 410.374
311 982.21 623.414
312 1619.86 333.001
313 1558.75 1257.06
314 259.459 1712.1
315 677.493 1832.68
316 361.433 1368.13
317 1354.36 1780.46
318 56.7307 1605.66
319 157.071 340.606
320 491.196 1078.27
321 759.541 843.665
322 555.649 1169.37
323 1366.75 91.346
324 1267.68 763.758
325 523.673 1297.04
326 350.46 1098.42
327 1382.55 1152.02
328 1429.41 185.71
329 1204.51 1871.05
330 1484.77 1390.99
331 1505.61 1351.07
332 788.51 599.048
333 434.321 99.0768
334 235.642 990.816
335 371.408 1737.87
336 93.7593 657.922
337 701.055 1681.27
338 1106.39 5.53751
339 1040.75 214.561
340 651.338 1570.85
341 1501.01 567.029
342 1130.83 1251.13
343 64.8898 1670.84
344 8.91496 1154.88
345 1031.48 308.119
346 1239.37 1053.54
347 233.246 1652.21
348 1605.69 874.914
349 1917.59 1181.12
350 797.956 11.8845
351 1385.96 802.582
352 907.661 865.585
353 531.699 927.332
354 1867.67 1725.5
355 435.895 498.758
356 1178.16 1241.24
357 1420.19 1651.12
358 587.252 1557.55
359 402.782 883.018
360 1676.44 132.266
361 851.877 369.363
362 722.52 1225.83
363 1358.74 462.954
364 385.106 817.34
365 1048.49 1808.04
366 1581.93 1444.27
367 1717.15 370.516
368 1490.02 1417.61
369 796.684 1661.64
370 1026.79 1311.8
371 1415.56 1301.75
372 119.812 132.005
373 763.582 1075.09
374 659.321 520.632
375 971.14 377.914
376 865.046 192.064
377 166.95 897.424
378 800.482 599.417
379 767.369 1531.44
380 1831.79 1904.51
381 764.606 1464.16
382 1389.66 373.974
383 32.4169 117.262
384 1557.39 1297.95
385 1864.94 672.895
386 179.521 1454.33
387 788.818 1640.25
388 1042.9 391.209
389 1065.08 979.847
390 534.605 1768.96
391 1353.48 617.29
392 583.071 630.568
393 214.081 334.862
394 380.253 299.305
395 1864.46 905.908
396 1367.35 549.811
397 1937.71 1419.17
398 1647.15 43.8314
399 1459.57 380.059
400 1231.12 1855.26
401 1771.66 1795.24
402 853.954 570.241
403 1936.83 1331.33
404 988.242 1417.67
405 1407.95 1789.88
406 526.382 1083.76
407 1444.87 544.228
408 1926.75 1301.71
409 1429.08 358.362
410 1357.32 606.35
411 80.9083 376.392
412 1702.78 814.612
413 1521.17 1215.36
414 984.757 1645.56
415 164.968 957.291
416 171.12 181.55
417 976.104 34.3142
418 1363.51 1419.03
419 1468.34 1754.86
420 470.046 632.532
421 1365.32 1144.87
422 1514.33 800.733
423 1658.06 606.617
424 342.956 1686.92
425 603.288 1116.41
426 1893.05 1945.08
427 1823.61 1426.98
428 1409.25 1373.52
429 115.957 432.871
430 1087.29 370.009
431 436.589 785.315
432 1268.23 752.987
433 729.551 1631.91
434 1616.4 873.097
435 1247.39 1669.39
436 1595.08 1118.48
437 1008.14 1898.3
438 92.5644 366.75
439 1773.83 1685.15
440 671.074 354.699
441 1277.61 1113.33
442 1776.91 395.759
443 1892.32 305.532
444 1602.9 1388.99
445 58.1709 270.738
446 1363.93 386.663
447 54.0254 1112.92
448 1416.77 155.648
449 1792.08 1051.26
450 1506.91 1063.43
451 1199.57 1823.25
452 1408.84 1761.03
453 611.419 1825.41
454 1568.06 1203.97
455 140.044 1450.05
456 143.619 1902.9
457 1616.87 664.505
458 517.632 1489.12
459 1428.45 730.887
460 627.781 1757.57
461 88.5778 1911.93
462 1818.35 257.986
463 1415.25 730.307
464 1597.82 1102.16
465 823.287 1833.81
466 1896.31 1429.86
467 652.006 1701.56
468 240.578 1905.08
469 1443.32 690.077
470 842.853 521.879
471 1626.07 1893.61
472 582.59 367.774
473 1529.74 79.5363
474 481.693 1618.76
475 403.275 1740.03
476 1904.69 1266.94
477 509.381 1491.65
478 1004.84 1289.02
479 1727.19 390.19
480 1680.6 1052
481 1536.7 671.686
482 1090.73 1032.96
483 953.124 1898.66
484 1816.81 219.206
485 963.065 364.77
486 1026.65 1862.16
487 1169.41 534.211
488 1322.49 1214.83
489 1569.94 98.9703
490 78.1336 647.584
491 1567.6 1948.89
492 1288.38 1770.82
493 1941.82 1555.16
494 411.436 614.621
495 1052.3 1200.77
496 1002.53 708.058
497 389.608 41.188
498 439.693 924.326
499 787.865 1895.08
500 1788.64 546.257
501 560.808 1869.96
502 1437.13 1241.59
503 1949.63 1864.59
504 314.376 1574.47
505 631.567 528.606
506 1493.95 697.338
507 707.776 1796.08
508 801.824 1384.11
509 801.076 1555.78
510 32.9627 1772.16
511 1438.99 102.374
512 35.6721 748.132
513 1601.98 636.102
514 684.106 481.249
515 828.753 689.146
516 604.907 1380.32
517 174.916 900.636
518 1159.73 834.544
519 1082.01 269.681
520 929.469 758.415
521 1210.7 388.377
522 1765.87 174.677
523 971.124 1610.17
524 1348.67 1866.64
525 512.972 1741.75
526 577.703 510.546
527 633.591 455.08
528 1746.52 1657.89
529 897.119 1230.39
530 1872.99 1157.27
531 608.674 896.078
532 1800.82 175.762
533 1946.62 1566.09
534 1272.01 1675.59
535 1900.03 559.951
536 548.545 1589.37
537 1913.56 7.16369
538 876.975 677.172
539 1041.3 350.885
540 1068.97 1305.13
541 683.454 1481.47
542 758.017 1493.43
543 1724.59 1552.43
544 479.588 78.5174
545 1892.14 1101.93
546 135.089 1438.95
547 777.566 1676.57
548 616.7 485.289
549 310.668 64.5964
550 1636.11 1011.28
551 696.867 786.118
552 1633.82 1323.48
553 1485.64 1294.14
554 1312.2 339.843
555 946.941 116.507
556 697.075 437.726
557 885.662 1460.96
558 1109.07 428.352
559 1529.26 1088.2
560 198.859 1165.12
561 374.718 1364.35
562 1179.91 494.561
563 886.977 601.004
564 380.212 1693.99
565 1700.16 578.727
566 1292.75 833.419
567 1029.61 1925.69
568 1370.32 790.461
569 910.58 532.414
570 20.4399 1696.57
571 425.246 900.132
572 782.096 1088.7
573 186.931 187.952
574 359.173 968.028
575 858.886 1765.23
576 707.343 1002.74
577 1193.89 193.926
578 1431.24 1462.43
579 1927.76 228.495
580 480.377 1358.12
581 355.604 944.265
582 183.228 1164.14
583 1672.79 1655.74
584 1280.56 1879.74
585 1780.94 1900.53
586 1432.16 36.5698
587 681.98 1813.3
588 283.073 814.242
589 626.364 812.646
590 545.731 633.017
591 575.314 229.523
592 1445.72 325.026
593 683.564 795.217
594 307.907 923.022
595 814.892 1734.95
596 755.986 56.6597
597 397.09 741.397
598 597.501 699.507
599 1815.52 1881.78
600 234.612 432.843
601 762.245 115.467
602 1523.97 204.854
603 974.89 837.464
604 503.497 992.904
605 1241.3 742.499
606 547.801 1860.91
607 610.104 1238.38
608 1767.13 167.978
609 111.982 1649.04
610 765.159 1273.95
611 47.8322 645.192
612 1101.13 973.888
613 785.983 1812.14
614 833.442 1022.78
615 1418.15 65.9886
616 1103.14 1366.22
617 456.6 137.739
618 403.983 477.255
619 1553.47 823.789
620 1569.96 1354.82
621 1023.47 1212.7
622 64.157 1351.8
623 97.6703 1013.15
624 628.822 1044.21
625 306.284 515.889
626 769.928 681.247
627 1136.38 191.45
628 1437.3 1908.99
629 679.901 577.183
630 684.833 1055.7
631 519.744 1884.1
632 433.084 1026.73
633 944.245 1580.49
634 1604.19 1117.7
635 38.4711 127.128
636 1522.5 1476.05
637 395.349 1713.05
638 1058.6 77.3622
639 610.624 1584.43
640 330.267 89.4652
641 422.631 211.536
642 716.176 842.135
643 944.925 1013.67
644 535.324 67.9574
645 243.828 429.609
646 1629 1865.49
647 847.709 1835.85
648 236.066 1059.07
649 1785.54 138.746
650 690.983 804.84
651 73.2335 1180.39
652 343.701 1305.01
653 134.513 160.032
654 1092.45 349.108
655 106.784 869.8
656 532.987 442.83
657 1920.2 1155.93
658 816.146 1944.25
659 681.314 434.384
660 788.286 1855.76
661 787.088 350.22
662 1389.84 1392.35
663 688.237 1087.5
664 350.831 284.413
665 1638.99 1190.47
666 369.642 91.6466
667 1006.86 483.97
668 221.032 285.669
669 698.217 1755.1
670 1568.12 1480.61
671 1563.45 111.31
672 421.354 1540.26
673 1788.07 989.888
674 853.318 52.5066
675 304.079 1388.94
676 381.507 817.012
677 926.292 671.348
678 115.751 247.882
679 1888.73 853.919
680 1748.2 1614.88
681 517.451 343.539
682 475.234 1379.94
683 1761.99 1211.64
684 402.008 1515.38
685 1186.92 1660.8
686 1105.32 64.1123
687 1454.64 543.598
688 677.526 1436.61
689 229.685 862.939
690 357.201 1567.97
691 146.577 693.945
692 1555.64 846.28
693 1072.73 1828.45
694 1592.81 627.815
695 531.898 264.569
696 232.003 30.136
697 1731.56 1427.44
698 294.918 903.635
699 1706.23 1015.26
700 376.08 806.114
701 1353.16 1029.42
702 23.2468 683.48
703 1047.53 1397.1
704 746.723 1193.57
705 1175.85 995.65
706 1112.72 1535.57
707 999.924 1230.11
708 275.244 446.736
709 1165.76 1558.37
710 165.408 780.807
711 186.225 894.723
712 1228.27 702.755
713 351.049 771.022
714 1647.82 5.85376
715 1804.62 17.9858
716 46.0526 8.81965
717 339.964 710.12
718 349.604 1265.55
719 144.517 120.591
720 1109.34 858.351
721 713.47 1262.86
722 1375.06 282.487
723 85.574 917.666
724 1024.26 1379.19
725 652.956 151.955
726 685.46 14.8605
727 1310.59 32.0295
728 659.408 1092.12
729 1680.23 455.891
730 1085.33 1793.42
731 5.457 249.511
732 280.921 1375.08
733 1508.56 109.464
734 1538.45 1567.71
735 50.6158 1860.57
736 874.868 1471.44
737 1574.52 659.191
738 73.6217 1212.72
739 547.723 738.814
740 617.999 641.241
741 1776.25 19.7968
742 1861.38 1754.38
743 1703.58 1893.8
744 1333.27 1127.43
745 1470.18 1602.24
746 85.1733 921.992
747 862.4 1163.17
748 257.775 1591.16
749 969.421 287.111
750 254.24 791.36
751 541.416 1893.22
752 1082.85 1241.71
753 18.1465 381.824
754 1548.26 1600.23
755 1691 179.179
756 292.62 828.385
757 1128.62 192.326
758 1489.18 159.401
759 1351.52 886.069
760 492.246 1629.34
761 1349.66 877.957
762 1920.21 1664.24
763 483.571 466.951
764 1496.64 732.719
765 502.801 1432.98
766 1553.75 1406.2
767 1800.69 1816.97
768 1560.21 11.6408
769 652.918 209.582
770 1362.65 725.974
771 1708.71 1494.51
772 837.194 1717.35
773 1168.9 1251.87
774 904.877 1668.08
775 1056.35 67.5927
776 273.383 1541.25
777 1361.89 524.114
778 754.186 1674.18
779 305.041 696.787
780 870.427 788.528
781 442.696 1708.13
782 600.289 1605.75
783 1874.25 210.641
784 866.709 1624.29
785 1194.8 1739.23
786 154.013 132.135
787 1599.85 1895.78
788 81.0438 1318.23
789 420.016 930.564
790 95.7937 1065.98
791 817.748 1585.78
792 1866.28 1687.73
793 1420.72 1194.1
794 1649.86 825.392
795 1830.07 1614.23
796 1686.57 1938.73
797 853.754 1209.28
798 1441.83 627.793
799 784.765 237.516
800 1619.43 1315.3
801 1830.98 182.237
802 1776.89 1412.77
803 148.761 80.4841
804 1322.67 1095.43
805 1935.3 1626.96
806 1298.24 1022.95
807 1660.91 1277.32
808 1372.14 109.718
809 819.003 1388.23
810 1542.31 1713.85
811 1675.28 1285.09
812 150.719 546.974
813 267.487 1475.77
814 41.734 1172.81
815 539.573 209.552
816 1561.44 1757.19
817 1217.4 581.873
818 1474.21 45.0707
819 489.352 546.316
820 894.055 1120.74
821 1217.28 623.5
822 489.096 1920.93
823 1199.9 1049.8
824 216.231 1333.95
825 1160.46 258.13
826 1083.49 1082.44
827 1899.89 1564.22
828 51.134 625.731
829 736.827 1479.66
830 1256.26 1327.92
831 883.348 837.476
832 650.537 15.5777
833 1239.78 819.848
834 510.513 673.178
835 1273.45 280.149
836 569.3 905.162
837 1392.58 804.973
838 1455.85 1832.51
839 1405.37 1606.41
840 899.756 1145.71
841 1333.58 797.044
842 50.6802 183.255
843 371.782 207.522
844 1497.46 1438.72
845 1441.59 141.681
846 634.295 1009.48
847 712.724 492.515
848 1030.18 772.219
849 880.227 1402.84
850 170.958 1629.48
851 1889.27 1325.41
852 1315.49 884.903
853 83.8033 122.436
854 1459.07 1025.9
855 1393.02 774.268
856 1602.3 957.921
857 532.051 968.093
858 1194.08 1303.3
859 1917.91 1649.02
860 1377.51 1037.37
861 908.455 1162.45
862 1787.73 515.721
863 248.348 906.896
864 403.106 415.414
865 413.647 1460.01
866 597.385 24.8463
867 1023.93 1195.59
868 711.863 1773.19
869 1480.25 1163.46
870 737.439 1663.51
871 579.303 483.136
872 556.214 1635.94
873 68.1161 1935.98
874 1177.77 385.035
875 358.471 871.604
876 1400.19 369.774
877 55.6154 590.688
878 1897.24 1850.41
879 61.4755 264.529
880 15.604 1196.07
881 49.4377 611.436
882 1203.6 1187.26
883 1042.33 1559.39
884 673.302 1710.51
885 456.923 1458.07
886 893.308 1742.42
887 1524.69 1827.37
888 1841.55 1248.61
889 1581.43 1898.89
890 543.266 29.4378
891 1652.69 326.169
892 255.88 1377.77
893 1812.61 40.985
894 856.369 1794.87
895 898.427 1645.71
896 1235.4 1415.48
897 1431.39 563.701
898 822.081 72.0669
899 84.555 143.076
900 783.16 696.27
901 410.399 542.137
902 725.043 62.2436
903 812.803 914.911
904 1329.33 549.622
905 1051.94 1692.57
906 621.548 909.649
907 1932.32 1576.32
908 691.811 1932
909 1869.76 973.576
910 1459.75 1625.62
911 1328.79 326.587
912 203.126 1148.28
913 1704.57 400.099
914 1690.87 667.361
915 576.147 1811.23
916 1015.71 1533.3
917 918.89 107.442
918 578.112 836.165
919 758.917 340.474
920 1839.71 1330.44
921 5.4417 1195.23
922 756.74 739.586
923 1531.05 995.775
924 1239.66 873.552
925 1124.3 1281.6
926 1788.53 1474.9
927 1198 421.08
928 1472.8 1799.18
929 1120.51 126.594
930 729.785 1432.18
931 414.602 595.715
932 123.02 773.117
933 1526.89 956.887
934 677.107 243.621
935 1099.55 829.276
936 338.377 502.188
937 212.658 784.556
938 1785.83 712.798
939 321.592 822.887
940 1814.73 935.796
941 999.742 1852.82
942 1221.65 1700.61
943 1617.38 319.741
944 100.953 219.865
945 1229.51 1018.32
946 1784.71 219.746
947 843.663 1547.73
948 1531.93 8.71065
949 1277.14 1217.14
950 1644.08 1549.92
951 651.379 1016.57
952 694.68 573.059
953 288.066 1658.17
954 1234.85 1658.22
955 1018.55 1352.19
956 1420.21 993
957 465.351 1533.41
958 1109.02 1635.64
959 230.464 643.982
960 211.958 1668.47
961 1227.14 791.297
962 1531.18 1867.51
963 526.041 746.725
964 1129.36 978.402
965 176.608 1086.39
966 987.598 1075.53
967 1893.8 623.315
968 914.636 988.171
969 1176.3 916.561
970 884.276 1196.73
971 1331.13 581.44
972 680.459 1623.97
973 949.664 1312.52
974 1472.95 1814.88
975 141.067 1837.33
976 1345.63 1380.72
977 1343.53 61.7092
978 1496.1 1560.62
979 1171.03 99.5799
980 1418.27 1533.1
981 382.395 410.4
982 1765.64 1425.29
983 1310.9 927.505
984 457.442 1329.18
985 1312.82 490.255
986 1807.19 837.665
987 1118.89 577.439
988 781.847 492.594
989 1640.97 1713.58
990 375.882 649.487
991 466.887 738.75
992 363.971 1855.43
993 67.5231 1562.45
994 483.875 1609.38
995 757.083 556.378
996 767.096 437.195
997 1172.43 450.754
998 637.108 1498.56
999 843.609 150.509
1000 1122.7 881.86
1001 526.576 1634.78
1002 642.697 1564.24
1003 517.876 909.526
1004 605.489 1276.69
1005 1920.56 434.885
1006 343.531 406.312
1007 926.47 934.332
1008 358.807 1898.16
1009 1375.76 70.3736
1010 1168.28 1019.02
1011 611.889 698.441
1012 503.791 514.343
1013 1558.81 1707.96
1014 1691.05 702.963
1015 400.152 593.571
1016 338.584 353.532
1017 1681.4 1174.44
1018 1262.72 87.8397
1019 1287.7 1789.33
1020 1306.8 1173.73
1021 43.2873 322.029
1022 359.489 1946.94
1023 946.047 913.213
1024 757.844 1044.5
1025 771.048 602.949
1026 549.949 1832.88
1027 867.33 609.932
1028 41.4547 355.488
1029 171.981 349.299
1030 1140.7 1254.69
1031 866.474 291.643
1032 1043.34 770.388
1033 364.987 1586.68
1034 1682.58 97.8663
1035 1669.45 1876.64
1036 1062.61 1214.66
1037 1882.81 1767.87
1038 669.956 1709.34
1039 357.147 1020.8
1040 513.618 173.214
1041 1180.76 521.79
1042 550.827 1237.08
1043 761.318 1148.37
1044 1695.36 1891.06
1045 93.7602 34.9772
1046 611.906 1589.4
1047 764.772 366.298
1048 1939.53 811.903
1049 1544.17 1555.09
1050 895.954 1125.12
1051 729.329 844.443
1052 1956 1407.03
1053 1059.95 375.996
1054 450.893 351.479
1055 1256.76 290.546
1056 1390.83 511.941
1057 634.969 1413.92
1058 732.528 384.519
1059 114.962 496.667
1060 1037.79 243.191
1061 1377.53 1328.15
1062 832.787 1725.68
1063 362.429 1122.91
1064 482.947 1460.6
1065 1714.75 670.334
1066 500.759 153.225
1067 388.896 61.3228
1068 534.634 1881.38
1069 1443.72 1737.8
1070 219.423 1175.67
1071 3.42396 437.043
1072 102.512 1168.34
1073 1105.04 1294.97
1074 1391.87 487.579
1075 1036.57 1285.36
1076 1801.79 25.0452
1077 536.739 622.622
1078 438.784 1076.74
1079 1576 338.753
1080 1910.03 1781.4
1081 1058.67 1143.44
1082 115.452 1505.14
1083 1410.43 847.657
1084 572.317 1365.81
1085 1827.88 129.299
1086 428.641 525.587
1087 461.277 476.173
1088 1006.72 1067.87
1089 653.295 485.466
1090 1924.82 926.976
1091 1827.91 86.5276
1092 1877.78 435.575
1093 1644.22 1751.23
1094 376.162 1102.52
1095 1307.07 475.621
1096 1590.39 1126.64
1097 1943.01 1951.96
1098 1705.55 941.168
1099 859.657 943.527
1100 1801.36 107.737
1101 1520.47 121.995
1102 1446.69 1638.42
1103 1332.75 1427.71
1104 760.399 46.4299
1105 1106.82 1033.35
1106 1126.7 1102.32
1107 475.218 1355.63
1108 809.842 1033.76
1109 1042.91 880.456
1110 1144.15 1047.72
1111 892.994 1085.56
1112 1533 770.883
1113 1927.5 867.88
1114 707.777 1720.09
1115 304.548 1621.76
1116 726.925 1367.46
1117 1425.23 429.305
1118 1635.1 1115.22
1119 1263.36 620.216
1120 613.568 1004.81
1121 1685.8 192.424
1122 895.456 1673.33
1123 1287.54 961.125
1124 436.645 633.353
1125 603.459 1952.77
1126 1323.17 420.312
1127 55.124 1296.38
1128 236.274 222.845
1129 159.273 845.058
1130 3.86899 1349.58
1131 301.872 877.943
1132 810.026 1457.01
1133 200.901 1421.29
1134 344.816 36.6788
1135 1955.01 1462.12
1136 584.543 916.323
1137 748.403 1653.78
1138 538.611 831.16
1139 215.485 1947.53
1140 225.915 1675.91
1141 1371.25 656.444
1142 1875.29 1857.76
1143 669.588 805.652
1144 1669.21 104.04
1145 885.534 618.381
1146 1563.18 1339.98
1147 148.301 207.873
1148 751.136 652.808
1149 315.845 487.375
1150 1500.36 738.531
1151 1919.49 1912.55
1152 474.542 1799.82
1153 939.407 1443.82
1154 899.26 959.534
1155 1082.5 1526.63
1156 1020.68 1764.35
1157 1593.87 239.951
1158 1945.71 70.7149
1159 1131.24 1138.4
1160 649.902 1094.41
1161 1508.1 886.137
1162 1886.78 1455.74
1163 1498.53 59.4945
1164 730.414 710.175
1165 1640.05 112.183
1166 1245.89 438.2
1167 1213.79 494.135
1168 2.6906 1182.65
1169 1621.29 172.156
1170 1408.25 490.911
1171 1432.11 411.57
1172 487.265 1461.73
1173 964.353 1204.35
1174 1872.54 548.759
1175 1865.07 1376.3
1176 1603.78 748.272
1177 1716.14 1306.33
1178 1657.41 1411.04
1179 1573.8 106.85
1180 1664.78 816.179
1181 1924.72 1419.32
1182 1861.3 808.234
1183 1146.77 1802.19
1184 1829.19 345.293
1185 1611.17 565.94
1186 1604.07 1342.8
1187 104.939 16.2577
1188 1279.99 405.693
1189 555.53 1699.31
1190 695.147 270.365
1191 985.398 1029.84
1192 691.505 1934.2
1193 649.514 1259.53
1194 1039.44 1445.6
1195 1430.77 1722.98
1196 519.268 1419.08
1197 919.822 96.7813
1198 1922.04 1696.72
1199 172.803 82.46
1200 1691.56 609.561
1201 526.825 1220.41
1202 1479.32 412.436
1203 889.979 830.914
1204 1070.94 426.871
1205 1384.82 1001.44
1206 456.049 1356.13
1207 301.669 682.279
1208 1760.47 797.353
1209 285.897 1762.61
1210 199.414 46.5358
1211 135.741 209.638
1212 220.612 1826
1213 1074.53 457.876
1214 193.726 422.011
1215 1424.89 1242.99
1216 730.31 167.446
1217 156.412 1046.63
1218 1534.31 1877.46
1219 1927.05 1638.96
1220 1530.51 882.09
1221 859.274 1879.86
1222 1577.79 644.379
1223 74.848 1445.64
1224 205.928 148.295
1225 675.255 1206.14
1226 468.454 1829.45
1227 1767.73 1301.47
1228 1418.9 869.969
1229 208.814 957.064
1230 840.322 547.564
1231 1633.36 1111.08
1232 1218.54 796.55
1233 1757.73 1940.87
1234 1822.15 419.157
1235 1916.31 1009.7
1236 1697.89 1136.9
1237 111.249 329.739
1238 545.228 1622.61
1239 1334.22 1575.56
1240 1806.6 378.263
1241 996.718 666.768
1242 606.374 1852.01
1243 915.032 1483.39
1244 1281.01 394.6
1245 704.193 1177.16
1246 361.703 31.4564
1247 1755.64 733.304
1248 1693.89 641.566
1249 291.624 276.992
1250 1784.24 1317.25
1251 14.027 1557.29
1252 739.43 1298.51
1253 1809.77 1091.65
1254 1624.92 364.189
1255 1040.21 722.049
1256 1814.52 590.272
1257 395.226 302.685
1258 402.458 1064.16
1259 1290.53 169.212
1260 1510.35 1851.55
1261 567.497 47.8153
1262 219.582 88.6795
1263 1255.23 335.123
1264 1370.06 1141.75
1265 1382.48 834.593
1266 751.858 1236.05
1267 1476.99 149.742
1268 1561.82 1632.7
1269 594.522 1599.75
1270 574.234 1280.27
1271 1880.15 1700.25
1272 1544.46 1457.02
1273 704.38 475.656
1274 38.3975 365.712
1275 558.479 152.395
1276 62.0285 925.499
1277 1722.43 1156.75
1278 461.785 1914.34
1279 16.8197 1643.97
1280 1152.62 669.644
1281 1547.26 1155.56
1282 1683.56 788.779
1283 149.512 299.547
1284 1007.82 312.626
1285 336.314 101.963
1286 369.673 296.94
1287 859.101 1105.78
1288 939.569 1898.46
1289 1612.09 861.388
1290 940.935 1817.66
1291 275.891 690.554
1292 1399.05 1237.22
1293 1376.62 1241.44
1294 171.169 1848.48
1295 1165.7 1640.19
1296 1688.04 1181.19
1297 206.113 1782.69
1298 1847.48 1545.8
1299 550.399 861.366
1300 1124.56 1640.88
1301 470.286 1425.95
1302 1190.05 1728.07
1303 392.992 1788.63
1304 42.4968 88.5839
1305 194.016 1192.86
1306 56.2031 356.187
1307 293.406 1397.24
1308 581.041 672.751
1309 1591.67 1142.29
1310 637.296 1074.21
1311 1615.68 1608.87
1312 436.803 1301.81
1313 1676.26 1005.21
1314 1333.91 395.006
1315 366.92 965.841
1316 1791.49 1698.34
1317 72.9986 1035.48
1318 1510.22 847.873
1319 910.745 1842.45
1320 1728.32 910.1
1321 1175.02 783.073
1322 1198.62 1179.98
1323 1375.99 52.9662
1324 453.072 112.541
1325 625.608 1369.75
1326 165.328 1611.44
1327 156.313 1290.51
1328 883.174 490.933
1329 878.716 1768.05
1330 1945.27 1240.36
1331 1636.39 330.653
1332 175.81 439.319
1333 907.595 678.888
1334 279.938 0.551665
1335 118.498 1024.48
1336 1793.47 147.59
1337 448.751 1227.65
1338 1572.22 382.899
1339 1415.5 333.553
1340 1457.96 939.509
1341 917.713 995.055
1342 1585.74 97.9283
1343 28.5587 599.498
1344 395.559 182.08
1345 1355.54 158.291
1346 1204.56 1537.28
1347 290.662 1489.78
1348 179.344 1898.6
1349 753.27 1762.49
1350 1732.31 928.78
1351 636.082 1846.7
1352 1585.99 1606
1353 1767.18 1714.76
1354 1762.22 919.361
1355 1133.12 178.978
1356 420.239 666.767
1357 1573.43 1365.14
1358 823.191 1133.08
1359 1005.78 691.912
1360 1580.25 1728.14
1361 751.571 521.599
1362 896.459 1294.63
1363 1525.21 416.803
1364 1840.87 1256.16
1365 855.527 234.756
1366 460.873 1498.09
1367 1405.11 1947.95
1368 75.5526 1032.18
1369 351.924 1427.47
1370 96.9486 263.732
1371 616.211 817.646
1372 1397.43 600.408
1373 1549.41 1575.63
1374 102.902 123.75
1375 452.492 591.709
1376 878.902 1493.83
1377 375.631 677.956
1378 39.8227 940.937
1379 1407 581.388
1380 282.021 975.495
1381 1616.13 917.153
1382 1119.79 1218.4
1383 1618.68 1878
1384 445.651 1188.99
1385 1426.27 1378.94
1386 281.563 1164.12
1387 340.38 1901.76
1388 426.62 600.245
1389 963.884 962.419
1390 1283.83 371.172
1391 1347.5 827.375
1392 973.569 201.738
1393 1295.43 657.723
1394 1709.77 751.478
1395 1220.61 1044.2
1396 1786.44 1212.79
1397 590.093 15.7336
1398 1928.73 173.664
1399 165.944 1703
1400 1732.22 1499.42
1401 330.773 54.6904
1402 348.995 836.214
1403 1459.96 190.507
1404 113.572 494.027
1405 1238.15 357.427
1406 805.819 670.98
1407 65.4483 1722.01
1408 393.917 1578.01
1409 1759.93 453.117
1410 1491.85 1252.47
1411 999.481 1876.55
1412 143.498 1231.52
1413 1869.58 1612.46
1414 1136.64 590.511
1415 1870.35 1255.72
1416 1854.03 838.648
1417 1345.42 1106.03
1418 529.65 629.894
1419 681.978 1899.37
1420 1015.27 255.544
1421 1444.36 125.805
1422 939.37 1679.8
1423 1838.67 571.524
1424 349.628 147.318
1425 1940.46 1305.48
1426 893.476 23.9455
1427 764.459 1189.47
1428 1761.81 1849.81
1429 524.166 236.649
1430 71.7388 1110.68
1431 1553.04 1074.77
1432 1076.14 985.327
1433 1172.27 735.842
1434 211.722 1506.81
1435 269.275 1304.09
1436 957.283 1804.48
1437 759.285 1036.08
1438 1256.54 1088.72
1439 459.05 656.65
1440 700.394 225.748
1441 273.705 1377.23
1442 1473.68 1340.37
1443 1431.51 1068.63
1444 754.575 1503.41
1445 1550.48 960.318
1446 460.419 1743.19
1447 427.496 1884.25
1448 1119.02 1767.35
1449 283.177 182.767
1450 238.289 1320.37
1451 1366.85 1521.91
1452 557.365 0.32901
1453 387.728 1066.75
1454 1330.07 1885.1
1455 183.893 1137.97
1456 1408.71 223.355
1457 1133.17 855.332
1458 1869.55 1741.68
1459 1602.34 1315.93
1460 434.398 1766.54
1461 652.46 650.714
1462 197.179 1504.01
1463 1273.52 1749.16
1464 942.553 879.302
1465 1363.04 82.5682
1466 910.843 800.73
1467 521.799 533.663
1468 1297.43 1069.74
1469 99.2337 651.112
1470 594.673 854.882
1471 1286.66 1113
1472 341.498 1244.71
1473 803.47 628.409
1474 70.8163 1466.23
1475 1492.59 1522.28
1476 1543.81 32.7305
1477 535.498 473.139
1478 1785.91 1222.46
1479 1537.44 615.364
1480 1337.05 744.586
1481 1742.77 1779.08
1482 1538.22 1889.49
1483 540.417 695.348
1484 1784.81 1669.37
1485 928.718 1655.21
1486 1921.06 1150.79
1487 1722.76 1030.17
1488 1056.67 845.941
1489 1701.6 709.503
1490 204.564 239.822
1491 1165.86 1599.62
1492 1510.37 354.398
1493 1390.52 1517.35
1494 1445.26 1021.93
1495 746.612 1479.48
1496 271.571 1410.91
1497 1296.57 1820.78
1498 1933.13 1041.45
1499 1542.16 500.931
1500 1265.6 338.73
1501 1645.35 135.063
1502 864.131 778.262
1503 738.447 133.863
1504 1729.38 388.304
1505 748.771 1144.96
1506 431.624 1725.66
1507 1543.68 544.397
1508 1862.32 108.741
1509 1783.01 1739.62
1510 1762.83 1884.44
1511 66.8898 1446.97
1512 210.391 676.008
1513 1671.42 438.676
1514 412.645 1324.96
1515 1229.66 143.832
1516 186.307 1681.89
1517 73.8101 432.97
1518 311.176 1179.05
1519 1103.61 537.263
1520 33.3953 1783.95
1521 1425.05 624.021
1522 111.846 564.139
1523 510.959 996.815
1524 1914.99 134.732
1525 104.736 1228.98
1526 1828.68 89.1134
1527 876.138 1778.9
1528 1741.5 1288.11
1529 960.929 507.605
1530 1906.68 1464.98
1531 180.109 890.949
0 681 83.7466
0 1054 75.4698
0 1257 93.8653
1 161 22.4195
1 188 37.7768
1 1443 66.4484
2 141 80.6567
2 458 43.8596
2 477 53.4467
2 1064 28.2711
2 1172 20.1598
3 722 7.76151
3 1339 127.2
3 1456 116.302
4 29 50.8277
4 84 62.6425
4 1386 23.8242
4 1518 41.842
5 223 49.3119
5 735 102.3
5 975 48.6681
6 854 106.258
6 923 56.2923
6 933 84.6767
6 1340 117.333
7 754 35.6239
7 1268 16.8616
7 1311 67.0297
7 1352 45.2549
8 528 52.2017
8 583 78.0371
8 680 48.0125
9 73 34.1224
9 80 21.6249
9 359 90.5665
10 823 75.3665
10 1010 75.7913
10 1106 74.2298
10 1110 35.4701
11 515 37.7775
11 900 76.7149
11 1406 14.0072
11 1473 55.4381
12 673 81.3016
12 940 37.558
12 1350 88.4639
12 1354 26.7254
13 281 77.1187
13 492 18.7394
13 1019 12.9905
13 1463 50.8317
13 1497 50.5716
14 437 56.5202
14 567 13.5772
14 1411 83.4823
15 136 39.833
15 499 91.7168
15 908 58.7711
16 87 28.8845
16 199 73.427
16 329 63.3289
16 400 27.461
16 584 48.0426
17 164 73.0823
17 220 53.6305
17 706 93.3027
18 319 32.1802
18 1029 52.1975
18 1237 57.1984
19 119 97.857
19 310 35.0955
19 729 83.7844
19 1513 62.2514
20 213 64.1255
20 322 65.6635
20 1201 45.6624
20 1337 95.1993
21 51 32.5281
21 241 62.6395
21 311 56.7602
21 677 60.8031
22 269 52.8287
22 1161 36.6324
22 1220 44.1563
23 110 12.237
23 318 49.2313
23 993 39.8548
23 1251 42.6615
24 966 48.0355
24 1088 19.9916
24 1191 75.8473
25 691 55.3141
25 1469 98.7945
25 1512 103.341
26 36 18.6362
26 259 55.1589
26 774 47.1063
26 1122 15.2825
27 182 54.6584
27 448 77.3125
27 1345 51.027
27 1456 81.5531
28 456 67.3347
28 461 50.9762
28 873 72.6025
29 1386 56.3186
29 1518 74.7872
30 300 81.9502
30 614 97.0047
30 903 62.6742
30 1099 64.9198
31 665 121.108
31 683 108.216
31 1017 57.3682
31 1277 95.2567
31 1296 41.9023
32 312 25.5626
32 891 25.0101
32 943 20.9463
32 1254 87.61
32 1331 24.7073
33 371 9.52138
33 1061 73.3634
33 1215 80.3681
34 166 44.9966
34 1472 61.5057
34 1518 82.2301
35 86 50.4228
35 782 28.0153
35 1046 36.0917
35 1269 40.4983
36 774 8.08445
36 895 49.9507
36 1122 3.93006
36 1422 60.4892
37 524 45.9958
37 584 88.7395
37 1454 52.2624
37 1497 63.8443
38 537 83.7119
38 1158 64.8137
38 1524 147.429
39 293 74.4614
39 780 63.9127
39 1502 45.2038
40 187 65.8055
40 471 28.0815
40 646 14.1598
40 1035 53.1205
40 1383 14.6692
41 816 54.4793
41 887 49.9374
41 928 126.277
42 313 48.2966
42 413 80.8226
42 553 79.5458
42 1410 54.8921
43 771 107.037
43 950 133.701
43 1178 124.908
44 423 42.5646
44 457 43.6043
44 513 57.6339
44 694 67.0744
44 1185 77.2143
45 420 33.5847
45 1124 8.16119
45 1356 36.6725
45 1439 40.5703
46 213 93.9841
46 320 119.616
46 322 76.837
46 406 58.1797
47 1083 47.2294
47 1161 88.8287
47 1228 57.8926
47 1340 132.484
48 549 19.6603
48 640 52.8963
48 1285 56.6758
49 485 110.479
49 749 51.2895
49 1031 75.8039
50 1091 75.3036
50 1100 57.3123
50 1526 51.9706
51 192 62.0531
51 311 44.8147
51 677 46.9218
52 472 102.354
52 656 32.6386
52 1477 97.0902
53 254 34.3682
53 385 96.9802
53 938 42.226
54 641 84.4432
54 1040 53.2855
54 1066 80.7484
55 854 72.0279
55 860 79.7348
55 956 21.3086
55 1205 64.0763
55 1494 32.1143
56 988 31.4239
56 996 45.6607
56 1361 101.453
57 276 36.0394
57 543 44.6348
57 680 58.5347
58 198 36.8243
58 1059 44.0208
58 1404 37.7572
58 1517 68.5929
59 210 32.677
59 1162 27.7057
59 1530 38.3339
60 531 34.6037
60 836 33.0025
60 906 35.139
60 1136 16.9386
61 800 62.8444
61 807 20.6758
61 811 37.8733
62 346 65.1955
62 806 30.4031
62 1468 75.5865
63 717 42.964
63 779 27.5133
63 1207 16.8422
63 1291 37.8384
64 198 39.2328
64 812 88.3334
64 1059 52.9908
64 1404 85.7716
64 1522 53.4612
65 989 55.5183
65 1013 52.9989
65 1360 54.484
66 191 28.04
66 301 72.199
66 551 63.4701
66 642 81.1114
66 1051 52.4805
67 69 109.665
67 830 73.7388
67 1061 160.059
68 595 53.3661
68 1062 59.309
68 1349 76.2685
69 830 102
69 976 34.9555
69 1061 72.3229
69 1103 69.17
70 116 23.2733
70 211 41.8071
70 1326 83.8531
70 1434 68.912
71 619 42.8375
71 692 80.5796
71 1176 130.778
71 1289 69.9474
72 882 100.442
72 949 42.8366
72 1020 96.675
72 1322 117.935
73 80 10.8545
73 431 53.9475
74 84 88.968
74 272 15.8882
74 648 81.7643
75 679 118.718
75 1048 47.7345
75 1182 110.943
76 128 54.3408
76 628 33.6079
76 1367 57.6666
77 254 86.341
77 1208 49.4626
77 1247 104.392
78 168 30.7033
78 613 16.0173
78 660 87.5237
78 1349 93.3674
79 247 51.4263
79 753 66.6071
79 1021 48.5093
79 1028 47.4226
79 1274 31.0439
80 431 64.0936
81 449 38.2434
81 673 56.6637
81 1487 97.1898
82 442 42.6376
82 1234 55.931
82 1409 62.7528
83 163 69.8766
83 1152 72.9043
83 1226 31.2765
83 1447 77.445
84 272 95.2885
84 1386 43.6608
84 1518 76.294
85 147 44.9587
85 924 122.723
85 969 32.6439
86 340 43.1697
86 972 53.2825
87 400 25.4899
87 584 38.1768
88 337 20.5704
88 870 25.2009
88 972 91.7818
88 1137 60.4582
89 792 82.5415
89 795 34.7869
89 1413 46.7189
90 234 50.9238
90 1183 18.1338
90 1448 65.3394
91 328 62.1783
91 602 59.6806
91 758 49.47
91 1403 16.3865
91 1456 111.396
92 244 144.367
92 345 45.9784
92 375 111.516
92 485 68.4216
92 539 60.342
92 1284 27.2949
93 586 57.4115
93 615 72.071
93 818 82.7292
94 228 67.6751
94 742 46.8037
94 1037 18.0371
94 1080 28.3139
95 277 57.9234
95 508 58.4281
95 809 56.5878
95 849 45.1291
96 443 112.052
96 462 64.0211
96 579 100.901
96 783 44.6099
97 908 15.7297
97 1125 121.024
97 1192 15.9879
97 1419 56.6709
98 315 50.652
98 507 26.879
98 587 53.6528
99 520 44.2805
99 603 76.9557
99 1466 69.9903
100 750 75.1621
100 937 68.0079
100 1291 67.9741
101 117 83.2705
101 525 90.8241
101 1189 31.4848
102 616 70.0343
102 703 13.062
102 724 46.1294
102 955 72.877
103 179 32.6269
103 216 57.4644
103 275 46.6632
103 1133 42.7174
104 413 93.4869
104 793 80.4692
104 869 63.781
105 118 52.8327
105 920 54.1196
105 1175 45.3802
106 144 92.4801
106 843 55.9445
106 1249 77.876
106 1449 53.8228
107 557 50.0099
107 1153 74.9944
107 1243 8.4988
108 698 36.7819
108 756 69.3949
108 863 55.7402
108 1131 16.8675
109 128 72.6585
109 524 49.8286
109 1454 58.0826
110 993 42.4229
110 1251 24.1733
111 431 68.8123
111 597 24.8906
111 713 59.5518
111 991 81.4929
112 463 48.2588
112 770 10.3861
112 1480 55.7676
113 209 40.7405
113 556 10.8277
113 659 17.4975
114 603 69.1454
114 1109 41.3857
114 1488 37.3004
115 339 125.785
115 519 21.4371
115 825 92.2435
115 1060 95.1143
116 211 70.9431
116 1434 56.6771
116 1462 70.7508
117 390 69.9343
117 460 124.791
117 1189 48.8347
118 172 68.4316
118 920 6.70834
118 1250 54.1718
119 729 33.2898
119 1513 40.0824
120 170 74.5417
120 385 103.552
120 967 77.6924
121 126 87.049
121 509 43.1452
121 791 53.5103
122 202 11.0811
122 772 38.2198
122 1062 54.8246
123 828 34.7462
123 877 23.2775
123 881 18.4752
124 1018 146.634
124 1259 23.2265
124 1345 61.2751
124 1515 92.498
125 726 134.666
125 832 73.1865
125 866 26.1456
125 1397 31.7002
126 369 62.5056
126 387 37.3453
126 433 72.7686
126 1137 42.7909
127 582 41.8379
127 912 59.1084
127 965 90.3188
127 1455 26.3136
128 628 38.8602
128 1367 106.792
129 469 73.5089
129 506 40.6425
129 798 67.8973
130 406 153.956
130 604 27.2131
130 857 80.8584
130 1523 44.611
131 601 13.8867
131 1216 63.6276
131 1503 37.5036
132 552 50.3033
132 800 66.9638
132 811 70.5092
132 1178 81.3304
133 193 15.1301
133 389 60.1596
133 482 57.7168
133 1432 52.6556
134 346 44.5917
134 823 22.5777
134 1395 17.9676
135 194 22.818
135 919 60.004
135 1190 87.3839
136 499 13.3467
136 658 112.836
136 660 77.8096
137 186 52.2989
137 609 54.6924
137 1399 45.6018
137 1516 70.0177
138 334 67.0157
138 415 92.1929
138 1217 67.3752
139 425 17.9353
139 1160 73.1991
139 1310 121.399
140 210 83.5663
140 827 96.5241
140 1298 25.6856
141 458 41.8145
141 477 45.4108
142 663 70.9781
142 728 68.5016
142 1160 52.213
143 376 138.258
143 917 47.4673
143 999 66.161
143 1197 57.3349
144 1285 76.4701
144 1424 39.9369
144 1449 74.1127
145 494 38.1275
145 990 41.6682
145 1015 40.4206
146 596 52.2735
146 601 64.7156
146 902 18.6676
146 1104 58.287
147 705 43.8485
147 969 41.0654
148 652 62.3627
148 732 79.9944
148 1435 87.4135
148 1441 67.5635
149 172 52.393
149 408 63.0295
149 476 35.3102
149 851 58.4568
149 1364 123.908
149 1425 65.3479
150 251 97.029
150 531 87.0114
150 906 69.6996
151 304 29.349
151 783 79.9429
151 801 71.4363
151 1398 121.856
151 1524 116.631
152 541 87.2649
152 542 45.5895
152 829 9.06516
152 930 60.536
152 1495 30.3255
153 611 44.1622
153 702 54.144
153 828 83.0717
153 1343 66.1545
154 238 92.5422
154 414 75.4683
154 905 55.2208
155 503 78.9113
155 878 71.0472
155 1080 91.6776
156 785 20.021
156 942 78.6613
156 1302 19.4889
157 747 84.7801
157 820 12.245
157 840 31.848
157 861 48.9902
157 1050 13.7714
157 1287 53.1172
158 180 31.7639
158 1091 9.92683
158 1526 16.714
159 533 63.2346
159 805 31.9486
159 827 63.734
159 907 39.446
160 215 65.9177
160 294 60.0573
160 530 61.6974
160 545 40.7557
160 1253 108.492
161 188 55.6428
161 450 72.5007
161 559 102.035
162 591 50.2096
162 695 29.2935
162 815 48.0949
162 1429 17.1335
163 822 87.3049
163 1226 92.9639
163 1278 57.4494
163 1447 72.0588
164 1155 59.1345
164 1194 75.2598
165 330 32.3039
165 368 11.0044
165 844 40.707
166 1337 82.4501
166 1384 64.8285
167 218 55.6612
167 922 21.7069
167 1164 75.19
168 613 62.4973
168 660 53.3789
169 477 68.6785
169 957 20.3024
169 1366 42.6961
170 385 32.6739
170 967 42.6257
171 682 15.6516
171 1107 56.3214
171 1206 25.7784
172 851 12.4709
172 920 73.2657
172 1175 81.959
173 231 119.383
173 622 105.003
173 1130 55.2271
174 178 52.4263
174 417 65.2389
174 555 65.973
174 1197 90.021
175 984 24.7968
175 1312 16.3432
175 1514 74.8184
176 361 72.8729
176 661 56.7885
176 1047 104.796
177 636 45.693
177 978 84.3489
177 1475 24.864
178 260 80.3129
178 417 43.6009
179 275 23.3543
179 386 38.9119
179 1133 18.5416
180 537 190.303
180 893 25.6584
180 1091 63.1579
181 746 77.6779
181 1276 106.05
181 1378 34.0876
182 323 52.1297
182 808 16.1666
182 1345 42.8337
182 1465 64.8415
183 212 21.1386
183 487 88.1517
183 562 24.4686
183 1041 51.7439
183 1167 20.929
184 842 33.1057
184 899 62.3867
184 944 31.5612
185 359 48.2085
185 581 61.5567
185 875 57.0221
185 1315 106.197
186 609 63.0949
186 850 54.4924
186 1326 73.211
186 1399 91.8349
187 289 53.6243
187 646 48.3306
187 1383 35.2802
188 302 15.4069
188 309 56.4459
188 1443 34.6118
189 727 49.8382
189 977 108.935
189 1323 99.7765
190 590 33.4802
190 834 51.581
190 1077 29.5671
190 1418 8.63109
191 551 21.2716
191 650 44.773
192 1241 12.0685
192 1359 43.3321
193 482 33.2445
193 826 54.0807
193 1105 49.3848
194 919 18.8964
194 1047 71.9379
195 762 101.302
195 1198 46.7848
195 1271 52.9329
196 240 42.9516
196 459 24.2862
196 463 26.801
197 430 27.8258
197 539 58.4022
197 654 26.3142
197 1053 41.5428
198 1404 73.1734
199 329 84.0964
199 584 56.0331
200 239 42.0768
200 1276 58.555
200 1378 63.8115
201 325 89.6401
201 1042 18.1996
201 1201 70.0993
201 1270 49.2311
202 369 41.0269
202 772 49.8035
203 429 105.134
203 1059 57.9266
203 1332 53.6058
203 1404 87.3911
204 718 60.6432
204 1472 28.739
204 1518 92.9062
205 247 30.1354
205 445 29.2717
205 879 37.8084
205 1021 34.6329
206 445 37.9844
206 731 28.782
206 879 55.5145
207 280 34.3243
207 803 68.2829
207 1045 69.6057
207 1187 103.348
208 363 53.5274
208 985 35.3004
208 1095 44.2887
209 440 89.2484
209 556 37.3029
209 659 36.0857
209 1058 65.5865
210 233 57.8523
210 1162 47.7163
210 1298 122.959
211 748 58.5186
211 850 79.6541
211 1326 50.0072
212 562 38.1842
212 997 92.4329
212 1167 8.85125
213 1384 60.2592
214 273 54.5504
214 283 40.5041
214 291 45.5249
214 443 116.621
214 1184 79.7802
215 530 78.4577
215 1396 102.337
216 268 30.2906
216 824 58.3924
216 1327 104.71
217 300 119.541
217 301 49.656
217 321 37.1298
217 1051 90.3026
218 301 64.9892
218 922 102.269
219 465 76.6779
219 647 27.1141
219 1221 51.5795
219 1319 87.0858
220 265 111.27
220 706 67.0007
220 709 114.03
220 1346 114.239
221 1237 37.698
221 1283 75.6522
221 1370 75.0253
222 678 46.2664
222 1283 53.0794
222 1490 57.6098
223 975 7.79541
223 1294 45.7024
224 862 69.8651
224 1174 56.4534
224 1423 98.5101
225 404 87.8499
225 703 59.6702
225 916 166.147
225 1194 25.0224
226 360 44.1632
226 1165 28.0874
226 1169 76.8722
226 1501 17.3144
227 282 102.64
227 314 25.8797
227 347 69.1412
227 953 48.2203
227 1140 47.5959
227 1209 114.748
228 742 44.3918
228 1037 63.8778
229 439 21.1897
229 1316 11.3604
229 1353 37.5694
229 1484 40.3852
229 1509 58.2644
230 634 62.8832
230 1118 29.9604
230 1231 30.373
231 1223 50.0372
231 1474 51.8091
231 1511 41.6151
232 482 50.2036
232 964 88.3075
232 1105 22.1826
232 1110 52.9896
233 250 65.9499
233 427 58.935
233 926 70.1463
234 451 60.2099
234 1183 34.2568
235 303 57.0294
235 707 48.9382
235 1173 8.50866
236 517 31.7403
236 689 64.9338
236 711 11.3891
236 1531 16.7313
237 918 84.5987
237 1138 43.575
237 1299 85.489
238 905 74.0823
238 958 54.6387
239 1276 92.2623
239 1378 103.561
240 459 46.1737
240 463 67.3098
240 855 26.0013
241 563 44.5284
241 1027 38.9723
241 1145 29.9013
241 1333 89.4006
242 760 103.979
242 781 45.3643
242 1506 81.2145
243 256 38.4296
243 736 47.6969
243 1132 43.5683
244 375 20.0797
244 485 36.1445
245 350 81.7773
245 674 85.2291
245 1426 35.6717
246 577 32.4637
246 627 32.808
246 757 63.5167
246 1355 31.5068
247 1021 12.8829
248 290 31.7222
248 685 37.3296
248 1295 8.38863
248 1300 70.9284
248 1491 68.5276
249 444 58.8936
249 620 44.8726
249 766 39.6757
249 1357 27.1934
250 253 44.5713
250 427 9.89246
251 642 51.6509
251 1051 68.5331
252 849 78.6521
252 973 76.0368
252 1362 90.4737
253 427 42.3201
253 802 37.2535
253 982 62.9496
254 938 38.8876
254 1247 71.5699
255 401 79.7228
255 767 56.7787
255 1428 23.6281
255 1510 89.4433
256 736 60.9293
256 947 62.7202
256 1132 79.7901
256 1376 47.2364
257 904 68.629
257 985 88.7552
257 1095 84.2511
258 377 50.418
258 415 38.1562
258 517 33.8775
258 1229 83.696
259 784 24.8231
259 895 34.9878
260 417 68.6853
260 638 104.983
260 775 87.6667
261 909 71.8772
261 1235 36.2344
261 1498 76.8135
262 363 64.2851
262 396 75.2597
262 777 29.0857
262 1056 26.3734
262 1074 32.8061
262 1170 45.9988
263 852 85.2001
263 924 61.1222
263 983 85.1645
263 1123 87.9743
264 339 49.4627
264 1060 38.4348
264 1392 61.5137
264 1420 57.2493
265 896 112.33
265 1346 102.042
266 1241 97.7153
266 1255 103.639
266 1359 92.0452
267 295 20.5928
267 523 56.1347
267 633 59.2207
268 824 51.7257
268 1327 52.5873
269 692 43.9657
269 1161 38.5897
269 1220 8.70743
269 1318 41.4662
270 359 50.9679
270 498 40.4635
270 571 35.7624
270 789 22.7728
271 411 32.5481
271 429 81.7393
271 438 33.625
271 1517 67.2991
272 648 95.1409
273 283 49.3371
273 291 32.9982
273 1005 84.2476
273 1092 59.5352
274 461 88.1431
274 735 75.6395
274 873 68.4151
275 386 22.3895
275 455 49.51
275 546 69.3492
275 1133 65.517
276 292 57.9744
276 543 65.8298
277 557 53.7671
277 849 45.9612
278 491 56.9674
278 787 68.923
278 889 50.3152
279 450 49.6718
279 854 24.4169
279 1494 38.9087
280 719 44.6745
280 803 30.7405
281 317 97.1785
281 492 63.6091
281 1463 57.0969
282 314 102.141
282 1209 4.00477
282 1297 94.3323
283 1092 63.4348
283 1184 93.2189
283 1234 36.615
284 440 61.5601
284 472 101.326
284 527 95.5907
285 317 93.1859
285 405 11.0236
285 452 24.679
286 356 56.2968
286 773 56.1042
286 882 75.1207
286 1322 62.5792
286 1382 70.4
287 357 68.2054
287 839 78.0591
287 1102 90.3862
288 518 77.6162
288 1321 25.9865
288 1433 76.4148
289 646 63.0377
289 1093 68.8236
290 685 37.9238
290 1295 37.5554
291 443 85.3925
291 1005 94.2846
292 543 63.816
292 771 45.5615
292 1400 26.6609
293 520 73.524
293 1333 58.3448
294 449 71.0023
294 1253 67.6401
295 414 81.7625
295 523 41.3426
295 633 48.5518
296 623 60.7894
296 790 42.198
296 1217 39.0329
296 1335 30.4166
297 374 52.1699
297 514 3.86411
297 847 51.3471
297 1089 38.6628
297 1273 28.0329
298 395 89.5723
298 679 63.9763
298 1090 50.3623
298 1113 46.0827
299 333 95.8334
299 617 72.8463
299 1344 40.5534
299 1424 65.8762
300 903 21.4661
301 321 48.6578
302 309 23.0068
302 1443 53.3648
303 621 50.7837
303 867 50.6809
303 1081 122.511
303 1173 75.4249
304 1085 77.4168
304 1508 45.3288
304 1524 92.1676
305 725 43.0797
305 769 119.249
305 1275 113.361
306 501 131.055
306 751 105.684
306 1125 44.3957
307 959 70.4987
307 1291 82.8222
307 1512 21.7224
308 341 68.1509
308 407 2.70257
308 687 9.02292
308 897 48.6892
309 327 68.9791
310 1254 73.1849
310 1513 64.0593
311 1241 53.6275
312 891 67.01
312 943 14.7166
312 1079 69.9366
312 1254 61.9378
312 1331 27.9444
313 384 61.8143
313 454 106.001
314 1140 97.8936
314 1209 92.9749
315 587 35.1484
315 1351 44.8893
316 561 17.9136
316 675 84.7161
316 1369 116.183
317 405 98.0424
318 993 46.4897
318 1279 81.6292
319 393 81.6274
319 1029 26.2945
319 1283 70.6481
320 406 47.804
320 1078 99.2924
321 642 66.1838
321 1051 58.6486
322 1201 85.9735
323 808 21.2315
323 1009 27.0878
323 1465 12.4484
324 432 13.1687
324 605 50.0307
324 961 79.7742
325 1042 99.7716
325 1270 79.9849
326 1063 47.6311
326 1094 46.7253
326 1453 57.8922
327 421 19.7983
327 1264 29.8086
328 448 51.5522
328 1403 52.0424
328 1456 54.059
329 400 33.9021
329 451 67.2758
330 331 60.6961
330 368 34.6938
330 1385 81.1949
330 1442 77.3033
331 1146 70.0599
331 1442 61.5123
332 378 21.1423
332 995 73.3742
332 1025 33.9928
332 1473 54.6607
333 544 92.3709
333 617 87.8308
333 1324 42.1116
334 1229 49.3063
334 1380 74.4311
335 424 70.5851
335 475 40.7266
335 564 74.1936
335 637 37.3971
335 1303 95.18
336 490 20.8591
336 611 71.7563
336 691 111.971
336 1469 14.2054
337 467 76.7061
337 884 52.7723
337 1114 49.1201
338 638 130.257
338 686 72.944
338 775 119.069
339 1060 35.9028
339 1392 83.2136
339 1420 50.3229
340 639 77.0649
340 998 132.254
340 1002 19.2815
341 687 74.4104
341 1499 106.686
341 1507 73.1113
342 752 55.7275
342 925 48.0149
342 1030 17.017
342 1073 65.2563
342 1382 57.4713
343 570 89.9514
343 609 91.6928
343 1279 56.2783
343 1407 90.8236
344 447 113.684
344 814 70.0259
344 921 50.2621
344 1168 48.0312
345 519 69.4722
345 539 63.3146
345 1284 27.5827
346 823 44.762
346 945 58.7295
346 1395 41.4591
346 1438 47.3708
347 953 87.157
347 960 29.348
347 1140 43.3885
348 434 19.4238
348 1289 20.9297
348 1381 61.0847
349 530 93.9646
349 657 41.3781
349 1486 38.4942
350 596 102.789
350 898 98.7649
350 1104 62.211
351 568 35.4963
351 837 9.71353
351 855 30.5848
351 1265 58.435
352 831 68.0757
352 1203 48.2712
352 1464 40.0482
353 836 52.7689
353 857 46.9555
353 1003 41.1511
354 742 59.0497
354 792 69.6153
354 1271 55.4217
354 1458 31.0139
355 618 52.8445
355 901 72.6922
355 1086 30.3601
355 1087 59.1454
356 773 16.9844
356 858 91.229
356 1030 50.8657
357 839 69.6445
357 910 90.452
357 1102 35.5694
358 639 71.234
358 1046 61.9204
358 1269 44.235
359 571 47.6099
359 875 79.0443
360 755 78.5136
360 1034 40.1019
360 1121 107.877
360 1144 36.5198
360 1501 47.2095
361 661 134.094
361 1031 121.081
362 704 55.3847
362 721 51.3376
362 1225 61.6359
362 1245 94.8682
362 1266 53.9158
363 985 94.5381
363 1074 52.9232
363 1095 99.1265
364 676 5.03636
364 700 24.7699
364 1402 49.0249
365 693 52.933
365 730 47.6459
365 1156 86.1163
366 670 69.1313
366 766 56.311
366 1272 72.5333
367 479 39.9602
367 913 46.8847
367 1504 27.3295
368 844 37.7272
369 387 35.9976
369 547 46.0936
370 478 56.5638
370 540 59.6012
370 955 43.0475
370 1075 38.9282
371 1061 81.7118
371 1215 85.0812
372 653 42.3106
372 719 43.5073
372 786 54.9493
372 853 46.0608
372 899 56.4499
372 1374 25.9408
373 572 32.4109
373 1024 52.787
373 1437 55.0188
374 505 51.9707
374 629 76.8178
374 952 89.1846
374 1089 66.2945
375 485 19.2002
376 999 47.3947
376 1365 56.6064
377 517 15.2225
377 711 35.6533
377 1129 75.0809
377 1531 21.5422
378 1025 30.6335
378 1230 94.2182
378 1473 44.9938
379 509 48.1565
379 542 45.0433
379 1444 33.8374
380 426 98.77
380 585 78.369
380 599 54.2164
380 1142 127.168
381 542 57.9865
381 829 58.9687
381 930 50.5846
381 1132 54.9351
381 1495 24.0842
382 409 82.7455
382 446 53.6113
382 876 13.6729
383 635 14.0047
383 853 54.0597
383 1304 49.0161
384 1146 55.746
384 1459 74.3075
385 967 63.0323
386 455 49.002
386 546 51.4378
386 1133 66.2343
386 1462 98.5439
387 547 61.4171
388 539 66.9881
388 1053 37.7783
388 1204 90.1093
389 612 66.8293
389 1432 21.9002
390 525 61.0886
390 915 69.1761
391 410 16.9953
391 971 53.07
391 1141 69.2627
391 1393 96.5764
392 590 73.4192
392 740 53.5583
392 1308 44.8177
392 1461 84.2635
393 668 68.0612
393 1029 57.1743
394 664 49.6127
394 1016 83.5157
394 1257 17.7669
394 1286 15.3598
395 679 73.7665
395 940 69.6317
395 1090 109.615
396 777 36.2563
396 904 72.6002
397 466 68.1419
397 1052 41.595
397 1135 84.5
397 1181 14.1306
398 714 61.9492
398 1034 86.1072
398 1144 90.1583
399 409 53.2218
399 592 91.1722
399 1117 119.393
399 1171 64.0793
399 1202 68.3017
399 1492 107.664
400 451 79.2931
401 767 48.2062
401 1481 44.5558
402 470 96.613
402 563 80.9708
402 569 86.6886
402 1027 52.0135
402 1230 36.0539
403 408 38.2111
403 851 84.8512
403 1425 33.5978
404 724 97.8005
404 1153 64.9546
405 452 50.4334
407 687 13.7569
407 897 39.2496
408 476 66.378
408 851 73.9332
408 1330 73.5452
408 1425 14.2631
409 592 38.0224
409 876 31.1468
409 1339 48.2829
410 971 60.3692
410 1141 88.1206
410 1372 80.1139
411 438 18.9725
411 1306 63.391
412 794 63.3837
412 1180 59.0784
412 1208 95.2351
412 1282 58.7205
413 454 49.3919
413 869 92.5964
413 1410 92.6773
414 523 67.8832
414 1422 58.9138
415 517 78.7739
415 1229 45.5921
416 573 22.0175
416 653 73.6213
416 1147 41.9634
416 1224 52.479
418 662 47.746
418 976 69.9106
418 1103 51.438
419 928 55.2594
419 1069 49.1379
419 1195 67.0748
420 1124 44.4664
420 1375 80.1723
420 1439 33.3903
421 744 52.4657
421 1264 9.94733
422 619 66.6313
422 1112 70.1768
422 1318 63.7888
423 565 50.5982
423 1185 64.2656
423 1200 51.9633
423 1248 92.2712
424 564 49.153
424 637 80.6189
425 1160 64.6699
425 1310 81.0314
426 1097 82.3924
426 1151 63.527
427 926 70.9579
428 662 48.9452
428 1061 110.053
428 1385 30.2222
429 1517 76.8543
430 558 96.4948
430 654 34.9037
430 1053 51.5391
431 597 65.4121
431 991 81.4354
432 605 57.3261
432 712 127.975
432 961 93.3308
433 870 47.0564
433 972 96.7257
433 1137 46.439
434 1289 21.4922
434 1381 79.8778
435 534 47.5956
435 942 76.411
435 954 22.4428
436 464 30.7834
436 634 13.1419
436 1096 14.6084
436 1309 46.7292
437 483 80.1205
437 486 45.6621
437 567 58.7934
437 941 70.3015
437 1411 24.6542
438 1237 73.9411
438 1306 55.9764
439 528 63.8293
439 1316 24.3378
439 1484 34.4094
440 1058 79.4082
441 1438 56.393
441 1468 58.7506
441 1471 16.1398
442 1234 82.5087
442 1240 39.2836
442 1409 82.5436
442 1504 68.109
444 1178 80.7503
444 1186 77.9759
444 1357 61.6454
445 731 91.4727
445 879 12.7011
445 1370 74.4721
446 876 46.0823
446 1314 35.1597
447 814 83.937
447 1430 18.7336
448 845 37.2455
448 1421 78.2134
449 1253 86.4821
450 559 60.5497
450 1431 73.6016
452 1069 73.338
452 1195 65.8202
453 915 72.8837
453 1242 53.698
453 1351 62.9137
454 1281 91.6599
455 546 16.9361
455 1082 115.05
456 461 94.4072
456 1139 151.932
456 1348 44.8367
457 513 53.2353
457 737 42.903
457 1176 131.319
458 477 15.4985
459 463 15.2494
459 469 76.3882
460 467 64.6762
460 1038 88.9946
461 735 67.6797
461 873 39.0456
462 484 68.5527
462 946 80.2232
463 469 54.6275
463 770 86.6852
464 634 33.3057
464 1096 48.2405
464 1431 56.8172
465 613 53.4951
465 647 42.1695
465 660 64.477
465 1221 112.427
466 1162 28.7262
466 1181 50.4858
466 1530 43.5619
467 884 27.1762
467 1038 39.0227
468 1139 67.2164
468 1212 151.7
468 1348 104.79
470 1230 32.029
470 1328 61.0109
471 787 36.17
471 1383 32.3302
472 681 97.9999
473 733 57.8153
473 768 89.3998
473 1101 71.6064
473 1163 56.447
473 1476 60.6479
474 760 20.7167
474 994 16.6192
474 1001 87.5614
475 637 47.2827
475 1303 85.4004
475 1460 56.0844
475 1506 50.8681
476 1330 83.4193
476 1415 68.1429
477 1172 54.3737
478 707 108.286
478 973 86.3132
478 1075 50.8902
479 913 31.5394
479 1504 4.84101
480 550 86.7969
480 699 53.1431
480 1313 75.5965
480 1487 61.1378
481 506 70.0259
481 737 61.3759
481 1222 64.4603
481 1479 70.717
482 826 68.2789
482 1105 31.9314
483 1288 13.7534
483 1411 62.2471
484 801 71.3202
484 946 62.0611
486 693 60.8941
486 941 38.3052
486 1411 56.9151
487 562 78.9303
487 817 102.377
487 987 110.032
487 1041 19.1757
487 1414 84.5799
487 1519 117.828
488 949 76.1108
488 1020 86.4622
488 1293 84.293
489 671 14.3557
489 1179 12.0149
489 1342 21.2345
490 611 60.3623
490 1469 38.1729
491 787 62.3196
491 889 92.7561
492 1019 28.3815
492 1463 38.2596
493 533 16.6924
493 827 81.8828
493 907 28.4631
494 931 30.4093
494 1015 36.468
494 1124 59.4688
494 1388 33.3257
495 621 55.1604
495 867 41.1121
495 1036 26.6208
495 1081 100.013
496 848 75.7502
496 1032 109.276
496 1241 67.7425
496 1255 55.425
496 1359 18.7269
497 1067 36.3679
497 1134 73.5462
497 1246 45.3146
498 571 46.9671
498 789 26.963
499 658 73.479
499 660 62.0942
500 862 57.0796
500 1256 88.3648
500 1423 99.7377
501 606 19.6891
501 751 43.0771
501 1026 75.0066
501 1068 47.9238
501 1242 61.1925
502 793 87.8853
502 1215 16.097
502 1292 64.1751
503 878 64.5535
503 1097 166.874
503 1151 83.2849
504 690 70.6793
504 776 96.8358
504 1033 84.3973
504 1115 77.7665
505 548 88.4125
505 629 100.372
505 1089 73.5688
506 764 62.0668
506 1150 68.0869
507 587 35.9418
507 669 76.383
507 868 44.2985
508 809 26.9591
508 1116 83.4051
508 1132 140.536
509 791 42.4887
509 947 44.9782
510 570 130.756
510 1407 108.962
510 1520 14.5116
511 615 70.7031
511 845 59.2201
511 1421 44.2826
512 611 121.684
512 702 101.44
512 932 158.621
513 694 17.6519
513 737 47.4234
513 1222 41.6107
514 847 50.0781
514 1089 37.1059
514 1273 37.7725
515 538 67.383
515 900 61.9294
515 1406 40.3193
516 1057 49.4222
516 1084 52.0264
516 1325 35.0601
517 711 14.9009
517 1531 12.3569
518 720 102.705
518 1321 100.68
518 1457 38.86
519 1060 88.5533
520 1466 47.256
521 874 55.6831
521 927 66.9467
521 1405 74.3065
522 532 67.1296
522 608 8.98829
522 946 83.3135
522 1336 67.922
523 633 49.5505
524 1454 26.9033
525 1189 81.6653
525 1446 98.6839
526 548 68.7385
526 871 49.0838
526 1467 88.283
526 1477 68.2617
527 548 37.3802
527 659 71.0278
527 1089 39.5253
528 583 87.426
528 680 60.2023
528 1484 57.9662
529 797 58.1639
529 970 66.2749
529 1362 122.703
530 545 114.827
530 657 50.8393
530 1486 83.1193
531 836 65.8846
531 906 27.2862
531 1136 58.4454
531 1470 50.1708
532 608 51.5113
532 801 58.6309
532 946 79.015
532 1336 35.0839
533 907 21.7633
534 942 57.438
534 954 81.7507
535 967 124.249
535 1174 50.0375
535 1423 121.485
536 872 90.4512
536 1238 63.6736
536 1269 64.5566
537 1158 72.5115
538 677 56.4381
538 1333 36.6125
539 1053 55.7934
540 616 77.6806
540 1073 59.116
540 1075 61.7778
541 688 64.6067
541 998 81.731
542 829 28.8586
542 1444 17.2548
542 1495 24.5357
543 771 89.3879
543 950 121.125
543 1400 87.5366
544 644 64.7398
544 1324 69.7791
545 1486 72.2036
545 1498 97.0676
546 1082 110.221
547 778 41.2069
547 1137 72.0315
548 871 50.5749
548 1089 46.9415
549 640 57.0987
549 1134 72.8518
549 1334 112.505
549 1401 39.3225
550 856 69.2961
550 1313 47.8202
551 593 20.4915
551 650 37.6845
551 1143 37.7592
552 800 23.5256
552 807 59.3674
552 1186 55.2209
552 1459 53.737
553 1410 56.3195
553 1442 75.5336
554 911 31.0743
554 1390 54.3676
554 1500 90.0675
555 917 43.511
555 1197 44.871
556 659 22.2649
557 736 30.0024
557 849 89.0799
557 1243 72.1702
557 1376 41.4953
558 1204 67.1913
558 1213 80.8225
559 1431 50.0839
560 582 26.5489
560 912 34.3578
560 1070 34.4658
560 1305 30.7172
561 652 70.4295
561 1514 60.455
562 997 60.4595
562 1041 49.7707
562 1167 62.0856
563 1027 26.5425
563 1145 34.7204
564 637 36.3371
565 1200 58.3913
565 1248 111.521
566 833 69.9574
566 841 66.838
566 1391 91.4993
567 1411 95.0705
568 837 31.7198
568 841 65.6023
568 855 46.9923
568 1391 74.1289
569 1328 72.7657
569 1529 62.075
570 1279 56.2337
570 1407 58.9907
571 789 56.6182
572 1024 79.0348
572 1358 66.6791
572 1437 72.6546
573 1128 62.0042
573 1147 65.6985
573 1224 75.3044
574 581 24.4432
574 1039 58.3887
574 1315 15.5002
575 886 52.1021
575 894 36.7784
575 1329 31.9724
575 1527 27.0635
576 630 80.0311
576 951 100.805
576 1437 90.5016
577 627 94.8538
577 825 100.094
577 1515 80.5304
578 844 107.884
578 980 76.6391
578 1493 74.1771
579 783 73.1572
579 1398 90.9803
580 682 25.8826
580 1107 7.20263
580 1206 46.1457
581 594 101.684
581 1315 31.6703
582 912 26.0613
582 1305 33.1022
582 1455 31.7685
583 989 98.033
585 599 49.0849
585 1233 67.1272
585 1510 35.3741
586 615 52.6996
586 818 45.747
588 750 39.5674
588 756 22.3993
588 939 74.5574
589 1143 77.8292
589 1371 11.9105
589 1470 76.2966
590 1077 18.5722
590 1418 17.6632
591 815 73.5703
591 1429 90.9331
592 1339 48.8954
593 650 21.8183
593 1143 20.8603
594 698 42.9029
594 1131 81.1455
594 1380 74.5479
595 772 36.8288
595 1062 34.9405
596 902 52.4254
596 1104 21.7966
597 713 102.412
598 739 119.017
598 1011 19.1489
598 1308 57.626
598 1483 83.6624
599 1142 100.501
599 1510 85.1811
600 645 12.9069
600 708 56.2564
600 1214 48.2892
600 1332 101.394
601 1216 82.0006
601 1503 36.6394
602 758 90.2948
602 1157 136.605
602 1403 120.185
603 1464 70.1646
604 857 72.9459
604 1523 15.6947
605 712 66.8465
606 631 58.9354
606 1026 43.2264
606 1068 28.9883
607 1004 48.3009
607 1193 65.7395
607 1270 73.3931
608 649 65.9963
608 1336 34.1889
610 721 100.191
610 1252 39.6881
610 1266 52.6914
611 702 46.9422
611 828 25.8362
611 881 48.0132
611 1469 92.5629
612 964 38.7754
612 1432 44.9302
614 1108 35.4114
614 1437 112.104
615 1009 47.1993
616 703 116.198
617 1066 55.9945
617 1324 33.5898
618 864 109.627
618 936 77.5908
618 981 71.5621
618 1086 63.2669
618 1087 80.4187
619 692 44.1795
620 1146 16.4746
620 1357 17.1969
621 707 41.286
621 867 17.3452
621 1036 77.4324
622 788 59.349
622 1127 82.6429
622 1130 119.437
623 1317 41.529
623 1335 33.1944
623 1368 52.6651
624 846 49.2311
624 951 67.5025
624 1120 66.9035
624 1310 31.4203
625 708 118.533
625 936 54.2549
625 1149 47.1418
626 900 34.7134
626 1148 45.4881
626 1164 94.4612
626 1406 44.3154
627 757 12.4831
627 825 126.067
627 1355 23.2403
628 1367 76.1092
629 952 25.08
630 663 53.389
630 728 48.7718
630 1310 75.6139
631 751 41.3432
631 822 68.3543
631 1068 18.7419
632 1078 89.65
632 1258 65.8364
632 1453 88.9235
634 1096 25.8891
634 1118 34.0532
634 1231 48.1779
634 1309 31.5187
635 842 83.1948
635 853 76.6337
635 1304 39.0613
636 670 50.2435
636 844 72.2873
636 1272 40.2312
636 1475 88.1944
638 686 72.8501
638 775 19.8327
639 782 37.0028
639 1002 42.8165
639 1046 7.05263
639 1269 27.9377
640 666 55.2131
640 1285 16.896
640 1401 61.4842
641 843 69.977
641 1344 51.6292
642 1051 14.6129
643 968 76.7418
643 1191 59.7813
643 1341 41.1465
643 1389 92.467
644 890 57.997
644 1261 41.3594
645 708 48.2194
645 1214 60.7215
646 1383 29.2767
647 894 75.1003
647 1221 64.407
648 965 92.1159
649 1100 58.7477
649 1336 17.8306
650 1143 26.482
651 738 57.7118
651 814 55.2898
651 1072 56.5528
651 1525 88.514
652 718 51.3186
652 1472 116.137
653 719 49.2367
653 786 59.3357
654 1053 42.3627
655 723 97.5995
655 746 97.3619
655 1129 109.583
656 763 104.893
656 1477 43.0908
657 1486 7.99124
658 1221 117.19
661 919 50.3319
661 1047 47.3863
662 976 82.5135
662 1385 67.5054
663 728 38.7901
663 1160 75.1655
664 1249 108.502
664 1257 65.714
664 1286 34.0492
665 1017 50.0942
665 1296 98.5002
666 1067 38.6329
666 1285 59.2189
667 1204 89.6606
667 1213 119.88
667 1529 80.2463
668 1128 115.659
668 1249 107.079
668 1490 58.9251
669 868 29.9688
669 1114 37.4722
670 1272 40.5133
671 1101 85.6009
671 1179 12.217
671 1342 38.4684
672 684 33.3188
672 957 82.5868
672 1408 46.8319
673 940 105.673
674 898 53.6995
674 1426 97.0913
675 732 52.999
675 1307 22.3665
675 1369 103.875
675 1441 41.2426
676 700 15.3216
676 1402 70.0698
677 1333 25.5644
678 944 40.4815
678 1211 70.1109
678 1370 38.9247
679 1048 97.7033
679 1113 78.8888
679 1182 56.601
679 1416 56.2189
681 1054 98.3357
682 1107 44.8127
683 1396 28.641
683 1478 45.3362
684 865 60.7956
684 1366 115.935
685 1295 37.6258
685 954 48.0022
686 775 54.04
686 929 123.761
686 979 109.924
687 897 45.5152
688 930 71.201
688 1057 77.1629
689 711 61.654
689 863 61.9695
690 1033 34.9922
690 1408 54.7004
691 932 102.083
691 1469 72.7358
693 730 69.4429
694 737 37.5671
694 1185 67.1506
694 1222 32.5114
694 1479 78.7094
695 815 106.86
695 1429 53.4183
696 1210 71.3621
696 1262 96.602
696 1334 89.3305
697 771 78.3901
697 802 92.5435
697 982 65.3491
698 863 66.8861
698 1131 51.7034
698 1380 94.6725
699 1313 56.2989
699 1487 32.9913
700 713 62.7131
700 1402 63.9049
701 806 108.548
701 860 46.7589
701 1205 75.5032
702 828 98.7299
703 724 47.6386
703 1194 66.4038
704 1043 90.8972
704 1245 84.2552
704 1266 52.1883
704 1427 35.22
704 1505 77.7982
705 964 64.6712
705 1010 40.9207
706 709 68.6991
706 883 88.8214
706 1155 34.6068
707 867 56.331
707 1173 74.8206
708 1149 71.5257
709 1346 58.2561
709 1491 55.7836
710 932 72.2332
710 937 50.3252
710 1129 115.742
711 1129 111.364
711 1531 12.3202
712 1433 110.887
714 768 126.127
714 1034 149.424
715 741 36.7639
715 893 45.7865
715 1076 14.8343
716 1045 103.84
716 1187 99.3354
716 1304 104.184
717 779 73.215
717 1207 56.7922
717 1377 51.5582
718 1472 28.0054
719 786 20.0052
719 803 61.5928
720 935 46.7711
720 1000 50.6676
720 1109 130.047
720 1457 30.0723
721 1252 80.5825
721 1266 80.7295
722 911 91.3003
722 1339 100.22
723 746 6.65151
723 1276 30.4685
723 1378 73.1808
724 955 46.1057
725 769 114.382
725 1216 149.47
726 832 42.606
726 902 96.971
727 977 82.3633
727 1018 139.539
727 1323 132.693
728 1160 14.7007
728 1310 53.7908
729 913 99.3194
729 1513 35.2692
730 1156 114.451
730 1448 55.0591
731 879 83.5763
732 892 38.1354
732 1307 42.9588
732 1441 10.8172
733 1101 18.13
733 1163 97.8218
734 754 52.1967
734 978 67.44
734 1049 16.3368
734 1373 25.5258
735 1520 139.742
736 1376 33.688
737 1222 19.1759
738 814 84.64
738 1072 89.4266
738 1525 41.455
739 963 40.6953
739 1483 44.3756
740 1011 70.3105
740 1308 84.2723
740 1461 53.2553
741 893 75.5807
741 1076 46.2245
742 1037 37.1181
742 1458 22.0313
743 796 92.0438
743 1035 69.6735
743 1044 9.08408
744 804 46.1904
744 1264 75.4647
744 1417 39.0715
745 910 50.5316
745 978 94.7278
745 1102 64.5136
746 1276 40.2635
746 1378 81.7887
747 797 47.7304
747 840 66.6199
747 970 43.4609
747 1358 50.0781
748 776 88.6002
748 1115 57.9586
749 1284 72.1677
749 1420 80.4516
750 937 50.5925
751 1068 23.7045
751 1125 105.301
752 1036 34.073
752 1382 48.6232
753 1028 60.3022
753 1071 78.8522
753 1274 50.2626
754 1049 51.2005
754 1268 36.8186
754 1373 27.7298
755 1121 16.1934
755 1501 66.1089
756 939 43.3329
757 1355 16.3621
758 1267 17.6523
758 1403 48.254
759 761 10.8811
759 852 60.6703
759 983 89.5259
760 994 28.0199
760 1001 50.6805
761 852 53.2488
761 1391 96.5275
762 859 19.6652
762 1198 46.0115
762 1219 36.1616
763 1012 67.7024
763 1087 36.2532
763 1477 91.9628
764 1112 66.8196
764 1150 10.3702
765 1172 53.8986
765 1196 34.1088
765 1301 36.9089
766 1357 49.4094
767 1428 82.823
768 948 42.6492
768 1476 50.4007
769 934 45.1835
769 1440 59.8968
770 1480 43.6546
771 1400 45.9304
772 1062 9.75468
773 858 77.8876
773 1030 50.7543
774 895 43.3248
774 1122 18.0553
774 1422 36.8494
774 1485 40.2325
776 1347 63.6457
777 904 55.8251
777 1056 61.8157
778 870 20.0916
778 1137 27.5289
779 1207 21.2873
779 1291 56.0773
780 1203 55.6224
780 1466 69.0722
780 1502 19.2078
781 1446 77.6674
781 1506 38.4827
782 1046 25.2223
782 1269 16.0106
783 801 59.6945
784 895 42.8499
784 1122 87.4532
785 942 92.649
785 1302 15.2537
786 1224 85.9463
787 889 27.3043
787 1383 45.5786
788 1127 37.1287
788 1327 92.6771
790 1317 41.8405
790 1368 73.9989
790 1430 87.4944
791 947 73.2699
792 1271 31.1157
792 1458 64.4463
793 869 73.4882
793 1215 76.9564
793 1292 84.1872
794 1180 21.4382
794 1282 74.0924
794 1289 65.2401
795 1298 133.298
795 1413 47.3296
796 1035 109.888
796 1044 76.1784
796 1233 105.766
797 970 64.8297
798 1372 58.1348
798 1521 18.8229
799 1216 106.768
799 1365 112.441
799 1440 132.752
800 1186 52.7142
800 1459 17.8569
802 982 27.0733
803 1199 43.6476
804 1417 29.485
804 1468 62.683
804 1471 49.4193
805 859 38.4203
805 1219 21.3749
806 1123 98.4995
806 1468 74.4836
807 811 26.9661
808 1345 61.576
808 1465 30.8358
809 849 110.529
810 816 71.848
810 1013 29.1914
810 1360 43.7634
811 1177 54.1958
812 1059 68.7257
812 1522 73.4082
813 1347 32.5764
813 1434 97.4426
813 1496 81.4812
814 880 60.2652
815 1040 59.9585
815 1275 68.0056
815 1429 31.7023
816 1360 39.7736
817 821 81.1407
817 1119 109.797
818 1163 48.0892
819 1012 57.9716
819 1375 79.3765
819 1467 65.7877
820 840 35.9847
820 1050 5.60256
820 1111 39.615
820 1287 61.4559
821 1119 52.9905
821 1280 139.351
822 1278 54.3167
823 945 49.2167
823 1395 31.2249
824 1435 100.846
824 1450 42.3134
826 1106 92.6713
826 1159 102.146
827 907 66.633
827 1298 62.2657
827 1413 81.0237
828 881 27.6892
828 1343 64.6757
829 930 88.5882
829 1444 54.3222
829 1495 9.92193
830 858 112.946
830 896 155.483
831 1203 12.4361
831 1466 71.1541
832 866 74.3594
833 924 63.9158
833 961 42.4052
833 1232 38.6899
834 1418 68.7362
834 1483 38.579
835 1055 28.835
835 1263 98.9028
835 1500 90.2607
836 1003 100.684
836 1136 22.3811
837 855 49.3342
837 1083 91.8628
837 1265 58.6482
838 928 39.2867
838 974 40.9158
838 1260 74.5396
839 910 104.839
839 1102 68.6805
839 1239 121.79
840 861 31.9773
840 1050 25.1819
841 1391 50.2684
841 1480 74.1855
842 899 85.668
843 1344 39.6472
845 1267 71.0939
845 1421 19.3639
846 951 32.4936
846 1120 27.1953
847 1273 36.7667
847 1361 53.3308
848 1032 23.6165
848 1255 71.1734
850 1326 27.6291
852 983 81.4888
853 899 28.7338
853 1304 62.267
853 1374 31.6899
854 1494 24.0648
856 1381 49.6874
856 1445 63.7197
857 1523 53.1683
859 1219 14.9239
860 1205 56.9707
861 1050 57.3051
862 1409 129.348
864 981 24.3068
864 1006 96.4509
865 885 60.5709
865 1366 84.5438
866 1261 57.1818
866 1397 19.2867
866 1452 48.5793
867 1081 77.7806
868 1349 65.0883
870 1137 18.4339
871 1477 53.7747
872 1001 34.0055
872 1238 30.7941
874 927 78.8876
874 997 72.2793
875 1402 70.56
876 1339 59.7316
877 881 37.8404
877 1343 52.8641
877 1522 91.4825
878 1142 36.1658
879 1370 70.1109
880 921 17.706
880 1168 24.2073
881 1343 46.8456
882 1322 17.3305
883 916 39.1925
883 1155 68.552
884 1038 4.80988
884 1114 40.5084
885 1064 38.6752
885 1172 38.3372
885 1301 65.7444
885 1366 53.3067
886 1329 40.3775
886 1527 74.955
887 962 72.5001
887 1260 47.4462
888 1364 14.3778
888 1396 122.327
888 1415 52.4864
888 1478 82.831
889 1383 52.1458
889 1482 74.2508
890 1261 56.954
890 1452 40.0403
891 1331 25.1078
892 1441 32.1601
892 1450 84.7794
892 1496 44.4918
893 1076 21.2231
894 1329 69.5112
894 1527 46.2244
895 1122 44.1185
895 1485 38.7649
896 1103 123.117
897 1379 39.7008
898 999 119.886
898 1104 68.8618
899 1374 45.2153
900 922 90.9766
900 1148 97.7814
900 1406 60.6724
901 1015 101.896
901 1086 31.3286
902 1104 45.415
903 1099 74.5993
904 971 58.5739
905 1156 109.833
906 1136 53.018
908 1192 3.52472
908 1419 40.2639
909 940 123.887
909 1235 89.1039
910 1102 20.6504
911 1390 117.726
912 1070 50.6418
912 1455 24.9696
913 1504 40.3528
914 1014 55.6582
914 1065 41.4616
914 1248 33.6175
915 1026 59.9774
915 1242 73.9459
916 1155 102.013
917 1197 13.049
918 1138 60.8553
918 1299 68.5386
918 1371 48.3055
918 1470 37.5184
919 1047 39.9278
919 1058 62.4166
920 1175 99.9893
921 1168 17.76
922 1164 67.2533
923 933 60.9055
923 1445 45.6388
925 1030 51.4437
925 1073 27.2148
926 982 92.4813
927 997 43.3333
927 1166 78.402
928 974 17.9338
929 979 113.91
929 1355 64.1679
930 1116 91.8057
931 1015 26.22
931 1375 64.0843
931 1388 20.2328
932 1129 150.367
933 1445 45.0307
934 1190 50.0935
934 1440 48.0863
935 1000 105.775
935 1457 57.6621
935 1488 65.5061
936 1149 28.7417
938 1247 47.3461
939 1402 39.43
940 1354 56.626
941 1290 70.9098
941 1411 26.4794
941 1436 89.1914
942 954 83.4782
942 1302 62.2921
943 1079 60.5211
943 1157 102.608
943 1331 35.6434
944 1211 44.3761
945 1395 32.0841
948 1163 114.853
948 1476 39.526
949 1020 81.5549
950 1311 99.0952
951 1120 66.5708
952 995 78.4613
953 1115 47.4387
956 1205 72.074
956 1340 117.497
956 1494 47.8753
957 1366 50.2827
958 1295 113.563
958 1300 19.518
959 1291 128.051
959 1512 38.6099
960 1140 30.3071
960 1516 50.3099
961 1232 10.8668
962 1218 18.4407
962 1260 32.3237
962 1482 27.8257
963 991 71.235
963 1483 56.5254
965 1217 69.1754
965 1455 81.8863
966 1088 21.2546
966 1191 61.0657
968 1154 54.4712
968 1341 8.2275
969 1000 120.261
973 1362 66.3843
974 1260 89.914
975 1212 104.319
975 1294 61.3845
976 1103 79.1564
977 1009 56.1723
977 1323 42.5563
977 1465 30.1942
978 1049 49.2339
978 1475 70.1912
979 1515 88.866
980 1451 61.0373
980 1493 37.855
981 1006 68.7431
983 1123 65.0831
984 1107 47.286
984 1206 28.9856
984 1312 44.115
984 1514 85.5398
985 1095 16.4465
986 1182 113.705
986 1208 75.8942
986 1416 85.3084
987 1414 35.1375
987 1519 50.2848
988 996 81.7092
988 1361 55.3443
989 1093 46.5484
989 1360 73.7413
990 1356 57.2197
990 1377 39.7116
992 1008 80.9184
992 1022 159.113
992 1387 77.2152
992 1447 131.919
993 1251 56.0914
994 1001 52.4215
995 1025 87.4474
995 1361 49.9288
996 1058 118.224
998 1002 107.988
1000 1457 50.2138
1001 1238 26.2504
1002 1046 73.4869
1003 1299 102.576
1004 1193 74.1107
1004 1270 39.3981
1005 1092 54.0045
1006 1016 95.2465
1007 1023 56.2761
1007 1154 62.439
1007 1389 73.8404
1008 1022 62.5051
1008 1387 36.8105
1009 1323 21.6744
1009 1465 19.1169
1010 1110 69.028
1011 1308 55.6497
1011 1461 102.47
1012 1087 77.8069
1012 1467 27.3373
1012 1477 81.966
1013 1360 55.1232
1014 1065 66.6242
1014 1489 17.5432
1015 1388 29.9786
1016 1286 91.4092
1017 1236 64.8186
1017 1277 80.0575
1017 1296 10.7644
1018 1515 124.666
1019 1497 34.5965
1022 1387 78.6787
1023 1389 96.3292
1023 1464 45.1601
1024 1108 76.4637
1024 1437 15.8456
1025 1148 82.4791
1025 1473 55.004
1027 1145 27.6429
1028 1274 19.9692
1028 1306 25.5227
1030 1382 42.0238
1031 1365 72.357
1032 1255 64.0572
1033 1408 41.5212
1034 1144 16.2684
1034 1165 73.421
1035 1044 33.1103
1037 1080 33.3309
1037 1458 38.6167
1038 1114 75.1784
1039 1315 91.3436
1039 1453 86.8639
1040 1066 40.3132
1040 1275 71.0856
1042 1201 31.3931
1042 1270 55.6895
1043 1427 50.2566
1043 1505 24.6668
1045 1187 31.4144
1046 1269 33.9932
1047 1058 40.9909
1048 1113 71.5792
1049 1373 36.4211
1050 1111 52.1398
1052 1135 60.5646
1052 1181 51.2475
1054 1257 110.101
1055 1263 58.7285
1055 1500 53.7238
1056 1074 40.9352
1056 1170 29.152
1057 1325 78.8307
1059 1404 3.64687
1060 1420 47.2676
1063 1094 39.05
1063 1453 98.8621
1064 1172 8.62006
1064 1301 71.9684
1065 1248 64.1701
1065 1489 49.0396
1066 1275 107.596
1067 1246 75.3529
1069 1195 28.0704
1070 1305 42.726
1071 1274 140.6
1071 1517 105.797
1072 1430 88.53
1072 1525 100.116
1074 1170 21.3186
1077 1418 11.1845
1078 1258 41.055
1078 1453 82.7233
1079 1338 58.6279
1081 1159 109.011
1082 1474 102.014
1083 1228 40.5064
1083 1265 60.2939
1084 1196 132.255
1084 1325 93.7909
1085 1100 52.1891
1085 1336 46.2461
1085 1508 46.1781
1088 1191 86.797
1090 1113 68.7029
1091 1100 54.0975
1091 1526 3.77693
1093 1360 83.3495
1094 1258 70.2572
1094 1453 62.2436
1096 1281 87.9243
1096 1309 29.2114
1097 1151 70.1285
1098 1320 51.4779
1098 1350 40.7864
1098 1354 109.728
1099 1154 76.9723
1100 1526 44.6707
1106 1159 37.6546
1107 1206 22.5989
1108 1437 51.3973
1109 1488 56.4646
1111 1287 60.1116
1112 1150 73.5718
1112 1176 117.838
1116 1252 82.5955
1117 1171 35.3115
1117 1202 101.597
1118 1231 6.16223
1119 1393 88.555
1121 1169 69.8409
1124 1356 53.5816
1124 1439 52.5061
1126 1188 55.4307
1126 1244 52.1429
1126 1314 37.09
1127 1130 109.329
1128 1449 89.9485
1128 1490 47.2034
1129 1531 72.418
1134 1246 34.6221
1134 1334 110.258
1134 1401 29.4651
1135 1181 83.4337
1135 1530 61.2578
1138 1299 45.5013
1139 1348 98.735
1140 1516 50.7414
1141 1372 106.525
1141 1393 120.835
1144 1165 39.43
1146 1186 43.5361
1146 1357 31.5588
1147 1211 15.1409
1152 1226 58.9105
1152 1460 94.925
1153 1243 49.3908
1154 1341 65.1355
1156 1436 122.215
1157 1169 119.707
1158 1524 119.162
1160 1310 28.5242
1161 1220 33.5231
1161 1318 61.2801
1162 1530 28.6314
1165 1169 78.589
1165 1501 34.6634
1166 1188 49.3049
1166 1244 66.072
1169 1501 69.2317
1171 1202 91.4996
1172 1196 80.8053
1174 1256 111.956
1174 1423 59.0726
1177 1227 84.6611
1177 1528 49.3384
1179 1342 25.9675
1180 1282 55.2329
1182 1416 46.4567
1183 1448 70.869
1184 1240 64.1678
1185 1507 99.54
1186 1459 53.461
1188 1244 17.08
1188 1390 43.5868
1190 1440 45.0752
1192 1419 41.4618
1193 1225 69.6124
1196 1301 95.1226
1197 1426 108.885
1198 1271 54.8197
1199 1210 45.6709
1199 1262 50.5055
1200 1248 35.9647
1202 1363 89.5035
1202 1492 119.065
1203 1466 36.9373
1204 1213 44.2852
1207 1291 40.0137
1210 1262 57.7528
1212 1294 79.4798
1212 1297 57.2849
1214 1332 35.6235
1215 1292 49.4353
1215 1293 84.3506
1216 1503 42.7542
1217 1335 65.8846
1218 1260 53.4449
1218 1482 13.5301
1220 1318 74.9154
1222 1479 52.844
1223 1474 30.2586
1223 1511 9.40302
1225 1245 50.3661
1227 1250 32.0799
1227 1528 57.4632
1228 1265 96.1301
1230 1328 73.0037
1232 1321 59.8711
1233 1510 102.759
1234 1240 73.8203
1235 1498 36.6785
1236 1277 42.8094
1236 1296 58.6124
1239 1451 93.1342
1239 1493 96.0785
1241 1359 44.3524
1242 1351 38.8797
1243 1376 62.3207
1244 1314 66.4556
1244 1390 44.3331
1246 1401 56.4899
1247 1394 74.5393
1250 1528 78.3842
1252 1266 106
1254 1331 53.483
1254 1338 103.733
1255 1359 67.3807
1256 1423 55.3437
1257 1286 35.1287
1258 1453 23.2814
1259 1345 70.2278
1259 1515 109.979
1263 1405 29.9129
1263 1500 16.8293
1264 1417 55.1231
1265 1391 48.95
1267 1421 56.4471
1268 1311 77.6455
1268 1352 61.9366
1274 1306 31.5062
1276 1378 35.0756
1277 1296 46.7292
1278 1447 68.5287
1280 1414 126.433
1280 1433 74.0009
1281 1309 49.8707
1282 1394 69.8634
1285 1424 83.5239
1287 1358 72.8342
1288 1319 79.7532
1288 1411 88.5589
1290 1319 42.614
1290 1436 34.1057
1292 1293 28.0973
1294 1297 99.4125
1294 1348 78.8
1295 1300 62.2575
1295 1491 41.4541
1299 1470 88.6345
1303 1460 61.446
1305 1412 80.0556
1307 1369 110.026
1307 1441 36.6996
1307 1496 29.8997
1308 1483 92.39
1311 1352 35.2612
1312 1514 43.791
1313 1487 91.0339
1316 1353 48.7033
1316 1484 37.2205
1316 1509 70.8345
1317 1368 6.00591
1319 1436 68.4801
1320 1350 33.6408
1320 1354 37.068
1321 1433 53.5019
1323 1465 34.0043
1327 1412 87.3191
1328 1529 83.246
1329 1527 13.785
1330 1425 90.3472
1335 1368 52.0368
1337 1384 58.9569
1338 1363 88.9144
1347 1434 103.181
1350 1354 52.9602
1353 1481 123.857
1353 1509 48.0464
1356 1377 60.5154
1356 1439 72.4516
1363 1492 99.4209
1363 1499 87.0768
1364 1415 52.7307
1371 1470 58.5403
1372 1379 36.4047
1372 1521 52.5392
1375 1388 34.4321
1379 1521 53.3714
1386 1518 51.8446
1390 1500 51.4003
1392 1420 84.2298
1394 1489 49.8938
1396 1478 16.219
1397 1452 37.4019
1398 1524 56.7752
1399 1516 37.0166
1405 1500 66.1477
1407 1520 108.838
1412 1525 46.7567
1414 1519 105.829
1422 1485 44.4704
1427 1505 52.7468
1428 1510 69.1081
1434 1462 24.2344
1435 1450 58.4024
1438 1471 39.8806
1441 1496 36.2393
1444 1495 26.2103
1446 1460 55.3642
1446 1506 55.0888
1451 1493 45.0028
1460 1506 65.8548
1466 1502 97.5042
1468 1471 52.0525
1474 1511 26.5967
1481 1509 94.0531
1499 1507 58.6167
1508 1526 40.0059
