1179 2177
0 171.649 157.647
1 1707.85 1184.42
2 651.388 252.158
3 1.06179 940.735
4 316.483 1514.26
5 1514.99 723.517
6 622.277 53.5188
7 963.775 1554.69
8 277.316 477.1
9 1297.95 707.705
10 1124.27 566.863
11 235.173 1003.92
12 1104.62 679.682
13 978.701 1276.83
14 255.289 404.898
15 44.5871 1265.2
16 722.333 1081.57
17 1571.22 1361.18
18 946.413 1209.29
19 84.269 1156.48
20 252.904 1190.18
21 1254.71 1124.53
22 1612.55 1132.86
23 1230.62 266.844
24 1135.86 37.9138
25 1030.41 1222.5
26 813.555 1408.61
27 1367.74 1225.82
28 513.889 151.07
29 1029.32 987.18
30 464.145 13.9775
31 973.843 1461.23
32 1494.14 1421.13
33 1269.51 864.834
34 670.44 1304.6
35 426.562 536.848
36 298.526 1237.99
37 1373.01 687.759
38 450.319 1066.49
39 1700.86 1649.75
40 1170.2 1155.71
41 1104.77 222.909
42 743.308 1143.53
43 710.8 1340.55
44 1083.5 1451.67
45 1095.16 1657.08
46 1330.16 602.027
47 939.749 531.103
48 2.64796 1547.58
49 773.637 369.552
50 980.251 1546.86
51 1251.4 1614.1
52 740.244 640.798
53 788.572 1159.81
54 42.4975 770.029
55 152.449 1155.8
56 1497.48 125.231
57 1557.84 1360.52
58 195.4 1698.62
59 520.265 212.007
60 1699.94 111.961
61 491.354 1660.71
62 1451.83 1568.08
63 307.94 1187.85
64 1296.94 720.341
65 857.099 110.256
66 1398.26 662.455
67 1400.64 120.984
68 1630.19 567.441
69 306.893 910.357
70 1668.98 1306.62
71 157.623 1677.41
72 1497.61 88.6514
73 1528.13 277.115
74 734.088 1608.2
75 503.566 44.4711
76 1160.67 661.101
77 206.154 1579.09
78 137.491 597.512
79 969.051 88.6531
80 604.194 1251.82
81 398.882 1100.5
82 509.701 1572.34
83 236.55 307.472
84 907.864 993.189
85 977.307 793.883
86 913.667 477.256
87 129.032 926.283
88 183.446 1629.32
89 1295 1225.67
90 1588.86 1207.25
91 1683.51 1207.32
92 395.209 1095.85
93 22.7279 985.546
94 1120.98 1244.17
95 1259.65 1150.66
96 586.441 600.8
97 237.382 91.5969
98 976.531 618.463
99 463.667 522.213
100 1044.81 786.298
101 1219.03 1330.89
102 1619.35 1189.43
103 885.329 1585.57
104 359.174 192.143
105 270.146 1245.47
106 179.023 709.873
107 30.8835 1630.78
108 1071.44 1479.09
109 307.457 185.857
110 774.209 310.554
111 123.966 428.369
112 302.438 379.804
113 13.6912 1138.04
114 977.018 1240.07
115 802.553 488.382
116 1236.97 442.759
117 667.598 981.267
118 815.702 344.753
119 328.955 1379.95
120 1121.65 135.922
121 1408.58 890.315
122 1279.4 849.654
123 1076.25 58.8563
124 1095.85 86.5332
125 1026.9 1564.9
126 1500.72 1053
127 281.69 318.814
128 1340.57 859.955
129 1386.38 456.824
130 452.025 567.481
131 1515.73 1399.92
132 1468.23 48.877
133 518.63 688.963
134 527.817 1356.35
135 301.538 989.932
136 1564.42 699.159
137 1413.54 525.684
138 1067.33 444.016
139 652.826 235.144
140 1319.8 775.745
141 1475.34 138.413
142 299.633 1005.6
143 636.157 1063.55
144 1595.83 80.6165
145 1713.83 1370.53
146 1573.87 597.17
147 1529.86 276.174
148 960.438 918.626
149 117.811 564.491
150 906.071 784.611
151 538.431 480.307
152 1121.41 790.443
153 32.445 693.802
154 1476.75 1330.07
155 1193.11 622.961
156 157.704 1226.77
157 1054.59 1614.99
158 1240.18 756.43
159 829.296 969.076
160 986.557 195.448
161 1585.8 1223.63
162 656.502 991.302
163 1588.48 1100.36
164 381.69 1288.71
165 717.724 283.41
166 1571.85 661.27
167 1409.78 1327.74
168 1408.52 1186.42
169 935.261 924.471
170 714.804 1117.6
171 1693.87 569.615
172 1439.93 1286.45
173 1381.3 991.013
174 557.184 1019.93
175 1629.71 1197.43
176 319.251 887.437
177 765.2 1198.4
178 1497.72 1107.29
179 599.444 786.163
180 1108.07 1044.03
181 460.334 1193.28
182 1697.41 169.744
183 594.595 281.39
184 1241.48 83.8569
185 1173.63 1343.38
186 485.681 74.576
187 341.482 27.5221
188 1336.42 1128.8
189 824.086 1192.28
190 114.76 1193.68
191 1672.13 486.885
192 124.1 830.215
193 1180.24 101.253
194 214.477 1361.73
195 364.94 1649
196 329.465 696.744
197 1415.15 568.181
198 1494.9 1105.45
199 1524.01 1375.63
200 1159.15 489.061
201 1041.16 1086.51
202 1000.12 1351.81
203 1227.29 32.2693
204 1282.27 452.043
205 10.4614 1340.81
206 1037.44 1436.85
207 1425.13 759.977
208 1231.06 31.0659
209 1039.58 1474.5
210 503.149 964.069
211 540.161 1677.81
212 1688.76 147.986
213 1250.69 1490.5
214 436.576 1546.08
215 1574.57 835.003
216 944.625 1126.39
217 1065.11 214.663
218 982.653 1206.08
219 1703.91 755.7
220 1140.5 1288.14
221 332.265 54.0392
222 1460.16 1306.57
223 509.301 1411.19
224 69.1983 1443.12
225 1310.29 723.009
226 959.349 345.324
227 1252.56 1711.02
228 874.236 1578.44
229 609.06 1350.6
230 220.281 121.495
231 590.666 505.829
232 1661.82 1383.92
233 139.706 1079.89
234 577.075 1558.64
235 1482.46 1704.15
236 692.994 1171.1
237 635.01 655.938
238 343.528 1158.13
239 1000.76 829.278
240 728.768 963.29
241 660.56 270.085
242 152.038 659.557
243 575.877 229.981
244 554.108 401.965
245 1106.08 1632.24
246 1375.43 839.894
247 1121.69 1584.99
248 1323.11 1312.72
249 1343.53 538.563
250 409.266 187.183
251 1465.26 923.059
252 565.993 1411.67
253 1653.97 295.621
254 1096.53 754.549
255 1280.2 434.893
256 713.637 28.8937
257 776.366 803.044
258 1140.59 1115.72
259 1556.92 845.015
260 808.952 1137.27
261 741.172 465.116
262 612.642 1301.26
263 1137.08 1580.63
264 328.946 524.395
265 362.454 61.6609
266 1379.33 1376.16
267 1165.87 69.7722
268 1670.27 394.204
269 1589.91 1100.54
270 224.746 608.098
271 1097.48 1036.85
272 1519.96 585.93
273 1437.86 368.799
274 592.736 919.254
275 1108.41 720.787
276 1132.18 989.715
277 677.393 640.332
278 22.7154 827.65
279 367.815 606.265
280 1506.57 1096.59
281 996.727 1045.63
282 1199.92 735.387
283 226.266 1248.35
284 1144.86 418.176
285 1660.49 337.77
286 653.993 183.716
287 41.9048 1129.41
288 505.615 191.437
289 468.808 253.169
290 1536.46 1205.67
291 659.156 891.67
292 189.484 607.73
293 497.945 33.2184
294 250.977 423.844
295 1100.71 931.189
296 1504.54 246.186
297 287.591 71.8566
298 1256.08 1390.56
299 859.889 1551.79
300 140.452 1485.72
301 382.388 444.836
302 1507.12 1492.82
303 1223.81 1093.89
304 1105.87 723.972
305 1269.62 1155.16
306 411.781 109.071
307 1135.99 271.181
308 275.254 578.292
309 227.237 1427.29
310 1454.45 400.578
311 1573.57 717.849
312 117.782 229.016
313 1092.23 313.637
314 1175.04 1190.67
315 445.393 1188.49
316 1201.12 552.205
317 384.88 518.597
318 260.913 1649.24
319 74.0789 1536.49
320 1178.36 690.249
321 672.325 924.413
322 746.757 1306.26
323 77.5807 265.958
324 359.691 1703.13
325 1081.51 313.649
326 523.791 705.637
327 1473.71 1143.09
328 165.288 468.985
329 662.038 295.724
330 1264.96 260.807
331 643.008 903.572
332 646.654 1093.59
333 732.86 1248.43
334 488.593 1697.78
335 1292.78 529.031
336 608.139 626.667
337 292.807 1691.7
338 277.079 1211.7
339 179.979 1242.56
340 1458.74 965.048
341 950.171 824.965
342 1241.32 156.879
343 804.869 1452.12
344 1226.18 537.953
345 1041.35 1583.74
346 552.753 190.934
347 1315.68 209.698
348 1327.27 1201.78
349 879.937 1359.25
350 507.436 1009.75
351 1069.97 1275.6
352 267.887 141.23
353 335.418 1451.61
354 719.014 448.068
355 1031.26 407.821
356 153.312 491.798
357 1012.59 805.862
358 352.222 939.394
359 1231.62 890.447
360 1137.73 1435.66
361 325.062 1563.33
362 1589.15 335.954
363 1385.06 424.12
364 490.561 1309.05
365 213.65 936.896
366 50.3298 1369.58
367 275.87 179.091
368 650.921 1713.14
369 1545.47 1333.37
370 582.542 139.545
371 669.672 88.8751
372 1153.89 317.947
373 679.188 314.247
374 116.149 421.542
375 804.082 1012.91
376 368.433 266.874
377 485.037 421.646
378 130.419 1029.18
379 353.12 818.781
380 1551.9 253.906
381 829.331 1369.77
382 319.596 696.095
383 62.5156 582.965
384 354.345 842.565
385 1282.98 643.265
386 403.681 1513.44
387 1522.32 186.838
388 1629.3 1184.69
389 570.791 1674.52
390 1275.3 1283.36
391 1322.91 341.376
392 1070.41 407.203
393 77.8825 828.113
394 1501.68 1374.49
395 1163.43 174.878
396 507.339 1335.84
397 1097.62 143.561
398 89.3018 491.254
399 549.77 681.098
400 466.338 931.459
401 1142.31 1383.69
402 1151.54 1026.99
403 1593.72 1536
404 385.677 1599.37
405 1370.95 600.107
406 1221.91 1153.7
407 528.768 502.767
408 364.739 539.609
409 1525.2 334.224
410 1047.39 693.131
411 191.628 1673.37
412 978.003 566.966
413 1261.45 529.77
414 1019.82 379.894
415 1522.57 451.957
416 516.843 1512.61
417 794.169 1412.59
418 1601.54 381.36
419 1153.84 1315.76
420 73.5476 442.62
421 520.15 236.533
422 826.22 1031.09
423 26.223 440.109
424 640.579 189.851
425 447.841 1593.93
426 215.391 1212.2
427 1335.89 160.963
428 329.016 468.465
429 1544.62 637.793
430 80.3184 829.603
431 1075.77 525.796
432 1094.04 1126.76
433 802.802 499.029
434 1150.34 1058.19
435 1582.5 1159.62
436 1042.84 1531.74
437 1456.21 1061.73
438 980.952 1307.72
439 452.172 853.209
440 1649.88 225.504
441 469.701 1503.82
442 1222.32 1667.3
443 976.151 1420.92
444 22.8708 901.739
445 290.49 151.983
446 144.113 402.189
447 229.374 1162
448 127.598 1595.03
449 487.088 1006.58
450 410.44 1403.34
451 1318.08 1702.47
452 905.848 1112.77
453 819.954 183.519
454 1362.62 408.25
455 1332.48 528.186
456 1266.38 1349.33
457 1524.62 771.333
458 629.916 254.119
459 1692.19 599.916
460 1198.01 395.452
461 351.014 724.906
462 1635.65 113.64
463 127.385 1207.17
464 1664.54 256.243
465 226.092 627.113
466 815.552 237.881
467 328.149 368.262
468 593.669 1670.93
469 1240.32 1496.21
470 128.134 772.143
471 870.939 538.257
472 921.831 902.694
473 605.344 1314.7
474 1179.55 956.392
475 883.303 1523.78
476 412.826 1325.7
477 1243.19 1524.09
478 637.778 659.039
479 641.915 1397.79
480 89.0026 1459.87
481 1382.09 1280.25
482 424.293 930.199
483 1401.41 973.881
484 427.867 1578.79
485 147.527 345.83
486 949.209 689.693
487 1070.69 205.278
488 544.364 341.754
489 1602.2 875.767
490 646.267 600.795
491 454.118 715.738
492 505.438 1673.11
493 85.8648 192.229
494 29.1347 1369.14
495 1113.2 792.304
496 746.587 583.179
497 114.092 1612.71
498 1231.44 883.631
499 234.588 1273.13
500 544.798 104.658
501 939.042 1706.05
502 452.467 280.425
503 813.892 283.372
504 1603.06 443.929
505 375.108 912.635
506 651.513 1573.87
507 340.221 220.817
508 1349.82 962.858
509 1713.11 838.703
510 1501.14 872.379
511 1313.62 582.26
512 1289.74 136.395
513 1706.97 820.679
514 1501.49 951.594
515 490.169 817.644
516 1602.85 1445.08
517 114.075 1344.18
518 706.386 1197.03
519 1412.47 723.168
520 296.141 1322.31
521 1463.42 30.3222
522 395.945 983.685
523 580.435 91.822
524 1286.32 162.018
525 1692.55 722.786
526 1614.43 1431.48
527 913.283 1220.08
528 184.236 1536.74
529 414.974 725.627
530 1021.44 1710.15
531 757.74 609.319
532 901.425 196.828
533 1064.82 640.995
534 132.791 474.095
535 1039.44 1293.61
536 1186.3 1204.75
537 1373.54 88.2072
538 1089.17 1483.27
539 1535.32 1289.82
540 914.017 371.111
541 88.3424 590.436
542 624.103 778.447
543 482.405 428.4
544 915.349 1684.04
545 1126.01 55.8641
546 1704.76 663.06
547 496.787 596.843
548 1632.52 1519.22
549 995.163 415.283
550 1406.3 385.162
551 908.643 743.972
552 295.398 1049.61
553 1123.97 1225.82
554 385.946 1414.34
555 917.757 755.399
556 1403.3 1047.06
557 1258.44 1706.71
558 314.033 1469.86
559 780.134 1360.69
560 39.7451 709.501
561 1684.97 1227.06
562 1150.12 1326.09
563 1653.88 449.617
564 551.814 519.216
565 1069.06 49.6322
566 606.421 952.003
567 959.746 1403.53
568 1252.82 381.107
569 1515.68 534.314
570 114.599 157.696
571 855.272 1680.72
572 209.142 1598.69
573 1576.58 822.131
574 1681.38 1011.31
575 698.436 351.1
576 1225.56 1148.24
577 171.622 340.435
578 639.675 1339.14
579 950.159 382.392
580 1707.21 1129.39
581 1249.24 1449.24
582 637.462 1065.81
583 1119.37 775.75
584 601.696 293.817
585 1579.48 1480.21
586 964.252 686.07
587 153.939 24.5582
588 121.847 65.0276
589 513.37 709.535
590 768.596 1011.91
591 1526.92 1613.6
592 1679.35 618.389
593 1649.82 545.767
594 651.522 405.043
595 1557.98 340.57
596 1097.78 1382.97
597 1275.59 197.802
598 112.777 1678.62
599 120.92 828.316
600 1132.75 84.1249
601 1702.89 67.41
602 333.048 398.726
603 1112.17 1626.85
604 1067.74 1657.3
605 1050.32 358.597
606 1470.46 1684.81
607 1697.69 1034.11
608 70.99 1680.39
609 1061.03 246.953
610 1379.88 1339.9
611 123.568 607.083
612 1137.21 330.398
613 1435.24 403.662
614 295.705 113.481
615 778.947 1519.08
616 1345.66 1224.56
617 670.647 435.204
618 1457.04 1462.04
619 821.727 1440.65
620 23.3081 410.488
621 1290.42 531.825
622 1077.96 736.306
623 1481.8 349.798
624 237.387 1093.77
625 332.953 0.94273
626 532.278 1162.79
627 442.553 1052.66
628 164.373 1014.89
629 161.083 1504.95
630 776.598 104.764
631 1538.66 240.294
632 162.374 1470.82
633 165.763 1633.07
634 1002.8 66.6451
635 1388.28 1627.16
636 763.268 344.215
637 497.46 49.2593
638 877.226 1026.23
639 1410.4 750.491
640 465.764 917.091
641 143.991 635.601
642 690.608 414.451
643 1470.3 34.7247
644 965.837 490.836
645 726.806 715.723
646 148.124 232.057
647 1108.52 13.4742
648 1467.3 1206.03
649 837.718 1143.72
650 110.534 1335.24
651 1363.7 1715.74
652 113.593 772.238
653 1488.53 1018.03
654 145.623 1273.17
655 468.467 1449
656 767.589 365.765
657 1679.83 1507.52
658 1316.25 284.911
659 1018.08 1605.97
660 1282.2 8.53479
661 1376.26 1521.65
662 1473.36 1546.97
663 130.294 1473.36
664 1050.69 503.757
665 609.598 581.922
666 1018.3 923.154
667 1507.85 1666.8
668 1275.82 1597.57
669 134.846 1465.28
670 1424.8 551.021
671 1058.57 1462.26
672 771.099 971.073
673 240.684 591.174
674 1599.47 1367.62
675 700.763 1325.74
676 1496.61 964.154
677 604.403 1521.6
678 1692.62 182.693
679 766.225 496.079
680 1604.03 1310.18
681 511.257 443.064
682 428.186 1406.51
683 1510.31 199.984
684 740.61 329.53
685 160.901 425.02
686 610.912 690.659
687 1418.72 159.866
688 1555.8 1304.08
689 1485.2 215.26
690 1524.13 1456.13
691 816.593 1062.87
692 420.054 594.232
693 1467.19 885.139
694 663.372 1145.34
695 1714.2 79.3161
696 703.087 15.8969
697 339.775 1223.71
698 420.603 42.784
699 683.419 59.9926
700 568.103 137.991
701 1678.54 1494.14
702 686.165 1195.19
703 533.75 329.984
704 687.045 1047.47
705 1503.47 261.489
706 773.142 22.4025
707 1534.22 713.184
708 1553.9 1225.58
709 1475 763.413
710 371.48 1694.99
711 1160.51 1567.74
712 312.956 1310.73
713 627.349 1707.26
714 839.474 425.571
715 115.729 140.429
716 1546.52 1103.95
717 1020.21 1393.38
718 1050.85 71.8638
719 878.336 1275.88
720 143.464 1211.68
721 12.2259 1171.71
722 367.053 12.6644
723 1196.5 553.207
724 396.383 1698.76
725 1292.37 854.869
726 222.918 1703.77
727 871.268 1284.06
728 352.735 639.875
729 120.851 793.4
730 492.565 765.944
731 722.249 1401.62
732 1132.76 467.644
733 476.213 522.982
734 1480.96 1494.29
735 726.073 654.366
736 1687.58 1205.52
737 216.007 1638.85
738 1049.47 751.998
739 665.643 542.346
740 503.31 337.924
741 1172.54 574.919
742 348.939 29.3509
743 1428.48 884.937
744 1057.41 1360.83
745 211.614 1396.45
746 654.002 1183.52
747 1017.6 665.97
748 1044.69 571.348
749 421.243 1339.31
750 105.68 1409.06
751 1255.46 704.329
752 575.239 1411.21
753 549.166 145.226
754 1670.85 117.135
755 417.85 900.79
756 281.223 1040.6
757 875.556 544.078
758 785.127 978.571
759 1601.21 1349.03
760 90.2095 1402.68
761 882.984 204.31
762 225.447 740.356
763 509.336 789.531
764 832.138 1013.11
765 948.913 1587.15
766 193.933 528.811
767 1686.63 347.232
768 775.575 460.409
769 1524.72 713.751
770 981.364 230.126
771 363.184 1419.07
772 338.346 1372.58
773 119.796 906.636
774 1488.66 365.076
775 1440.02 1044.77
776 211.428 1518.06
777 1268.95 1075.79
778 501.542 1548.71
779 1515.22 1710.47
780 53.2059 1466.01
781 207.924 155.969
782 1468.27 312.781
783 964.508 1399.87
784 1382.01 1628.94
785 589.035 48.8974
786 283.221 1053.62
787 1671.47 499.039
788 180.398 223.675
789 612.029 47.6817
790 856.527 925.928
791 1543.39 1523.81
792 186.817 451.104
793 299.637 1466.83
794 4.01651 1074.03
795 844.441 132.207
796 1574.31 445.94
797 650.411 1292.53
798 613.877 1261.64
799 1434.84 1692.51
800 173.38 133.138
801 1029.75 87.8801
802 1304.84 515.396
803 1247.32 102.793
804 1088.46 249.652
805 405.419 1586.39
806 906.568 1556.57
807 299.776 1333.37
808 264.83 1560.79
809 1532.03 416.991
810 1083.07 627.334
811 1067.92 272.998
812 1365.51 1439.67
813 1624.5 817.512
814 1021.04 216.29
815 1192.22 292.15
816 1687.05 1298.51
817 101.695 1710.86
818 25.7281 1598
819 164.259 1675.39
820 1640.98 1284.54
821 1561.11 1185.91
822 735.357 932.115
823 1158.56 1096.57
824 585.309 88.5991
825 908.99 1290.06
826 1038.83 913.839
827 972.069 112.693
828 1420.18 988.471
829 1434.15 425.608
830 539.867 1589.45
831 541.732 1232.26
832 943.843 745.447
833 930.475 1096.99
834 470.377 1173.1
835 117.682 1410.34
836 1311.43 380.084
837 351.576 1566.2
838 29.9726 537.78
839 136.507 374.587
840 943.778 826.72
841 325.122 345.038
842 1300.35 413.65
843 739.112 1129.64
844 1353.31 99.7336
845 122.289 1312.68
846 405.186 723.986
847 1221.75 984.908
848 1060.51 745.606
849 1241.72 373.237
850 853.318 1187.33
851 990.795 594.101
852 1006.54 116.914
853 746.368 1669.28
854 65.5546 752.796
855 1477.73 1043.26
856 340.801 1160.54
857 584.915 627.782
858 930.228 583.913
859 1286.25 1080.48
860 1152.37 1170.4
861 676.353 1074.66
862 296.406 577.076
863 1649.07 826.35
864 327.749 722.761
865 600.057 1598.92
866 1299.65 1394.91
867 839.148 598.008
868 1473.16 1535.12
869 1444.49 1087.61
870 924.664 938.344
871 1182.91 852.925
872 1282.71 1200.5
873 658.225 177.85
874 1578.14 186.457
875 1526.83 1492.41
876 1316.74 1208.16
877 240.202 699.965
878 844.525 1130.72
879 471.09 149.44
880 500.66 563.242
881 334.67 660.786
882 750.215 1112.69
883 869.432 283.693
884 620.997 1108.86
885 1610.53 404.514
886 581.566 1382.9
887 245.714 414.289
888 886.864 650.166
889 1296.4 1683.39
890 1692.69 1590.82
891 922.127 1222.4
892 821.64 635.341
893 943.973 1054.43
894 356.66 455.455
895 1275.38 152.512
896 1360.32 1134.28
897 746.284 1571.69
898 1617.55 592.075
899 1480.13 1172.72
900 1357.82 375.123
901 753.713 793.99
902 1710.34 1419.52
903 1235.57 1694.53
904 544.314 340.142
905 1184.21 1400.64
906 120.363 632.65
907 787.949 724.209
908 1434.73 1178.5
909 1342.13 1314.68
910 1652.44 311.886
911 486.879 477.861
912 220.238 1516.79
913 1678.97 270.349
914 742.657 468.048
915 1533.93 793.768
916 1227.69 1028.43
917 350.221 462.2
918 1.18036 1032.2
919 685.657 1568.22
920 1204.6 43.1483
921 1349.65 980.558
922 1246.2 1441.48
923 284.466 896.364
924 611.02 1346.85
925 1004.1 280.052
926 1111.9 710.476
927 22.7444 1352.68
928 899.425 684.765
929 883.712 1715.17
930 1156.19 581.312
931 1418.6 651.124
932 577.592 1667.96
933 437.701 1069.54
934 1018.53 880.929
935 259.282 966.034
936 1339.59 665.047
937 219.853 1607.53
938 271.829 1230.71
939 222.743 1097.91
940 653.814 512.389
941 159.933 1483.2
942 1629.88 820.456
943 379.949 1496.12
944 1149.34 1207.38
945 1435.48 1311.26
946 775.015 232.571
947 771.232 1187.61
948 1.21698 1473.68
949 158.841 669.878
950 1025.4 394.422
951 618.274 630.75
952 351.094 1233.05
953 382.396 964.414
954 1032.41 1340.33
955 244.611 1112.64
956 659.446 34.1604
957 824.927 1007.51
958 717.771 1675.56
959 1610.81 1421.39
960 84.131 1358.88
961 1715.95 294.649
962 1162.76 971.178
963 464.293 142.536
964 1010.59 204.825
965 1053.47 843.381
966 1579.59 812.722
967 658.894 1696.63
968 260.462 931.43
969 101.549 1420.89
970 642.787 595.41
971 1301.61 1600.69
972 134.048 1221.01
973 316.674 1229.91
974 729.843 1495.8
975 1411.36 1345.37
976 915.216 1546
977 904.062 227.056
978 873.453 353.385
979 910.707 1404.7
980 1328.65 159.783
981 947.413 981.631
982 378.505 510.345
983 301.469 270.519
984 1147.7 530.904
985 281.714 1643.96
986 58.3825 1089.75
987 111.39 798.208
988 31.72 337.229
989 977.856 1097.63
990 657.322 317.33
991 845.773 1494.58
992 1208.26 428.482
993 1693.08 1231.49
994 232.65 1443.26
995 234.804 870.878
996 1375.89 1248.67
997 1672.05 41.2385
998 162.404 958.766
999 1582.35 286.303
1000 437.078 980.385
1001 1432.95 4.40039
1002 1645.44 307.688
1003 399.945 64.9904
1004 859.47 943.446
1005 1659.15 1584.12
1006 939.909 1285.86
1007 829.659 1414.65
1008 1191.52 654.06
1009 1056.15 1488.07
1010 1309.27 201.814
1011 437.941 1008.36
1012 418.319 366.258
1013 503.595 1400.45
1014 556.277 926.103
1015 1277.88 1382.34
1016 585.497 849.216
1017 348.814 1379.19
1018 964.133 278.827
1019 1341.79 721.455
1020 1612.01 399.175
1021 96.5396 814.367
1022 1171.3 372.285
1023 188.683 1399.61
1024 188.723 1316.22
1025 722.72 189.058
1026 386.869 1342.67
1027 449.268 1079.57
1028 149.682 1115.37
1029 628.763 890.032
1030 641.18 373.553
1031 432.149 395.67
1032 722.574 737.995
1033 998.961 0.0847969
1034 300.609 852.05
1035 1600.68 1383.6
1036 296.611 661.326
1037 1042.98 297.097
1038 232.806 67.9284
1039 750.749 398.534
1040 1217.47 744.34
1041 622.434 389.344
1042 1587.37 1091.99
1043 1566.96 160.345
1044 1191.43 1158.98
1045 1390.83 1296.85
1046 272.411 1211.18
1047 1443.49 748.068
1048 1316.97 1413.02
1049 86.6851 565.481
1050 947.664 1035.64
1051 1161.04 425.261
1052 676.287 607.376
1053 854.562 1335.71
1054 1071.72 1503.01
1055 730.479 842.357
1056 1708.4 822.558
1057 1692.95 448.502
1058 1433.14 1640.95
1059 312.881 1574.73
1060 299.939 1087.96
1061 1102.15 109.892
1062 1101.88 1311.63
1063 428.745 218.541
1064 1182.18 569.602
1065 1577.22 450.455
1066 122.365 823.753
1067 881.519 1507.88
1068 463.287 854.554
1069 1142.23 1243.75
1070 942.254 757.348
1071 1131.73 63.8992
1072 474.675 1464.62
1073 316.456 1526.85
1074 197.801 837.199
1075 924.571 1310.4
1076 314.706 1483.23
1077 1653.91 1067.24
1078 998.221 1196.67
1079 1674.61 1713.22
1080 1292.31 1278.07
1081 73.2429 1607.38
1082 1678.09 758.103
1083 50.9672 264.57
1084 1257.46 449.29
1085 1249.09 184.581
1086 1249.61 587.745
1087 50.5083 1484.34
1088 1058.66 306.654
1089 1711.97 130.903
1090 637.455 1425.81
1091 1266.46 769.232
1092 312.9 1612.35
1093 401.866 1448.27
1094 1120.23 717.112
1095 1583.68 1521.65
1096 1265.34 466.254
1097 1376.28 505.448
1098 901.647 276.506
1099 1531.78 56.0832
1100 1335.67 778.415
1101 326.202 989.237
1102 1613.87 1304.18
1103 227.632 1218.3
1104 473.195 1214.68
1105 1434.63 258.612
1106 585.265 974.57
1107 717.473 1530.93
1108 494.713 1465.76
1109 1037.19 989.857
1110 1605.47 461.455
1111 1577.7 1671.24
1112 157.975 731.538
1113 184.022 1153.35
1114 1388.79 1449.73
1115 972.819 335.439
1116 1629.04 1313.95
1117 1001.49 72.9049
1118 807.081 1232.21
1119 928.468 215.012
1120 663.522 186.131
1121 107.155 1168.72
1122 560.372 1577.46
1123 229.913 1252.58
1124 1569.07 856.262
1125 59.4255 348.716
1126 837.964 117.021
1127 788.035 1188.09
1128 676.727 572.384
1129 1356.75 54.2023
1130 524.729 992.047
1131 837.23 1329.78
1132 893.272 920.778
1133 757.797 1330.72
1134 924.874 470.689
1135 1110.78 252.06
1136 276.57 837.762
1137 1001.66 1094.71
1138 651.512 967.285
1139 1678.96 1552.32
1140 63.3192 1393.56
1141 1339.85 49.2381
1142 403.815 987.962
1143 1709.77 271.466
1144 21.8869 174.553
1145 1135.98 525.414
1146 958.918 63.8735
1147 87.0204 402.811
1148 991.181 1576.43
1149 1370.28 279.931
1150 1105.35 576.486
1151 654.961 1621.17
1152 1016.05 741.456
1153 771.376 928.721
1154 646.972 185.257
1155 1563.96 577.131
1156 1387.72 459.826
1157 821.978 1142.77
1158 360.269 1465.95
1159 1393.11 529.523
1160 989.441 324.707
1161 1706.5 796.037
1162 334.483 956.584
1163 434.17 112.805
1164 756.878 886.022
1165 847.246 629.583
1166 1530.62 98.2915
1167 80.1027 764.541
1168 1112.63 1206.85
1169 1096.07 1651.7
1170 110.528 1070.04
1171 399.929 191.056
1172 1489.06 1191.42
1173 991.73 1340.31
1174 155.776 715.858
1175 1311.86 217.602
1176 1352.08 36.6338
1177 1279.86 209.503
1178 491.007 1366.18
0 570 77.5406
0 715 83.3119
0 781 40.6819
0 788 118.575
0 800 25.37
1 91 34.6025
1 561 63.046
1 580 62.5947
1 736 51.9335
2 139 29.062
2 241 22.521
2 458 29.3447
3 93 73.0757
3 444 57.7334
3 918 166.21
4 558 51.8915
4 1073 19.8664
4 1076 51.6308
5 457 96.0239
5 707 33.7812
5 769 18.2853
6 371 83.1151
6 785 39.3139
6 789 21.8205
6 956 81.6196
7 50 27.4519
7 765 56.0992
7 976 91.1211
7 1148 44.066
8 264 127.435
8 294 113.523
8 428 81.7524
9 64 21.3033
9 225 26.1062
9 751 83.6454
10 930 61.2995
10 984 75.9733
10 1145 62.8318
10 1150 36.1853
11 142 112.325
11 756 109.316
11 935 63.4019
12 275 52.5218
12 810 109.881
12 926 42.8226
12 1094 63.5982
13 114 56.3034
13 438 40.6785
13 1006 53.5818
14 112 69.4844
14 294 29.2233
14 887 25.9814
15 205 106.859
15 845 97.4364
15 927 143.609
16 170 64.2194
16 704 75.0122
16 861 81.8472
16 882 68.6454
17 57 25.8815
17 369 73.7201
17 674 39.3373
17 759 43.1118
17 1035 44.7035
18 114 76.5626
18 218 50.632
18 527 60.7804
18 891 32.0537
19 190 94.7935
19 287 64.7418
19 721 120.452
19 1121 38.2367
20 338 53.858
20 447 63.4525
20 1046 38.0684
21 95 35.1637
21 303 53.1315
21 305 36.3846
21 576 43.4113
21 777 66.4095
21 859 77.1253
22 163 43.9876
22 269 55.4429
22 435 51.2037
23 330 63.0158
23 815 86.3653
23 1177 109.235
24 545 27.1158
24 647 71.6084
24 1071 37.8281
25 114 105.846
25 218 75.6082
25 1078 68.7361
26 343 59.9263
26 381 43.8803
26 417 36.5677
26 619 39.3711
26 1007 27.9246
27 168 72.9778
27 348 83.0711
27 616 41.2204
27 996 44.0916
28 288 46.116
28 753 53.7139
28 879 65.8498
28 963 67.7612
29 281 121.578
29 666 86.1639
29 1109 11.9572
30 75 94.1996
30 293 55.6431
30 637 97.0326
30 698 66.9047
31 443 55.6803
31 567 67.3098
31 783 120.784
32 131 56.8025
32 394 48.7825
32 618 73.0843
32 690 86.8886
33 122 18.7087
33 359 77.1552
33 498 53.9041
33 725 49.4768
33 871 103.896
34 578 86.4791
34 675 50.506
34 797 42.8672
35 99 52.3862
35 130 76.942
35 317 82.7258
35 692 104.366
36 105 55.3931
36 697 50.1611
36 938 37.9279
36 952 67.3172
36 973 27.5722
37 66 46.0898
37 931 97.985
37 936 55.0129
37 1019 81.3002
38 627 16.7429
38 933 13.8297
38 1027 21.143
39 890 93.7231
39 1005 92.7207
39 1079 105.681
40 258 79.1066
40 314 35.2979
40 823 76.0114
40 860 35.3441
40 1044 41.651
41 217 43.0526
41 487 39.4235
41 804 62.2202
41 1135 40.9202
42 170 61.4217
42 843 24.53
42 882 53.0311
43 322 97.8798
43 675 22.88
43 731 121.907
43 1133 70.9877
44 108 50.7741
44 360 97.3798
44 538 53.2077
44 671 30.6041
45 245 38.2123
45 530 156.848
45 603 68.0964
45 604 30.5733
45 1169 10.1163
46 385 111.48
46 405 78.6998
46 511 28.1395
47 86 72.8176
47 412 87.4448
47 471 107.691
47 644 67.7759
47 757 87.9836
47 858 99.9433
47 1134 118.294
48 319 117.822
48 818 100.181
48 948 134.816
49 118 87.6966
49 636 49.4519
49 656 8.93626
49 1039 54.357
50 125 61.5253
50 765 78.6493
50 1148 62.0334
51 442 78.8876
51 668 33.0084
51 971 86.6555
52 496 63.8762
52 531 60.1751
52 735 20.8452
53 177 52.792
53 260 52.0425
53 947 56.9838
53 1127 29.1223
54 153 139.192
54 278 74.4059
54 560 117.064
54 854 48.0325
54 1167 47.6899
55 1028 68.8704
55 1113 31.7556
55 1121 54.4016
56 72 54.1361
56 141 28.1717
56 1166 67.7134
57 199 67.991
57 369 52.8019
58 71 82.8479
58 411 39.9592
58 726 38.761
58 819 58.946
59 288 41.1321
59 346 46.2724
59 421 41.2631
60 601 45.009
60 695 48.1502
60 754 50.7733
60 1089 36.8386
61 211 88.1291
61 334 42.7667
61 492 27.5234
62 661 164.036
62 662 52.4831
62 868 43.4852
62 1058 145.139
63 238 77.6257
63 338 51.1952
63 856 59.2325
63 1046 81.8482
64 225 20.2276
64 751 67.0304
64 1019 76.7481
65 630 106.406
65 795 32.5634
65 1126 21.4131
66 931 28.9574
66 936 104.568
67 537 59.2324
67 687 45.3569
67 844 97.9362
68 146 118.814
68 593 53.3513
68 898 35.0736
69 176 26.4773
69 923 41.7966
69 968 70.4245
70 816 34.0629
70 820 41.1849
70 1116 45.85
71 411 43.5011
71 598 65.6241
71 633 77.9079
71 817 95.3386
71 819 8.64517
72 132 85.2731
72 141 74.4076
72 1099 48.8149
72 1166 58.5811
73 147 2.0571
73 380 60.5377
73 705 35.7454
74 853 81.062
74 897 45.6412
74 919 91.3065
74 958 132.406
75 186 55.3189
75 293 13.2966
75 637 14.8317
76 155 93.4896
76 320 67.8482
76 1008 54.9045
77 528 63.3813
77 572 26.6461
77 808 115.164
77 937 56.1589
78 149 51.4445
78 292 70.7108
78 611 26.9036
78 641 72.6517
78 906 51.1298
79 634 62.8022
79 827 44.9144
79 1117 65.6765
79 1146 41.693
80 262 86.685
80 797 101.662
80 798 18.6334
80 831 94.0079
81 92 11.6307
81 933 58.7879
81 1027 81.7098
82 778 35.5962
82 830 64.1976
82 1122 60.7677
83 127 60.5583
83 577 96.7319
83 983 104.333
84 638 56.3335
84 870 65.5897
84 981 64.3414
85 239 42.7551
85 341 45.8578
85 357 57.4905
85 840 51.6195
86 644 103.909
86 1134 17.9054
87 365 166.35
87 773 28.346
87 998 91.4854
88 572 73.2228
88 633 22.5214
88 737 59.54
89 348 54.874
89 390 118.203
89 872 54.2934
89 876 35.0994
89 1080 67.6063
90 102 54.3852
90 161 22.796
90 175 81.4423
90 388 77.1378
90 708 72.8613
90 821 57.2068
91 561 38.5498
91 580 118.786
91 736 5.81843
91 993 47.8654
92 933 73.4532
92 1027 88.6552
93 444 118.828
93 918 92.5226
94 351 99.4374
94 553 22.6823
94 1069 29.6163
94 1168 67.9537
95 305 15.1419
95 406 50.1485
95 576 35.8496
96 336 38.1778
96 665 59.0959
96 857 36.0363
97 230 53.5484
97 297 91.5584
97 587 184.166
97 1038 39.0179
98 412 55.0767
98 851 31.8624
98 858 105.847
99 130 63.6309
99 733 17.0509
100 357 52.6384
100 738 45.7944
100 848 84.1496
100 1152 63.4206
101 185 59.9718
101 419 72.2759
101 456 76.4803
102 175 25.7741
102 388 14.2557
102 435 72.2075
103 228 17.1044
103 299 79.8309
103 806 65.1121
104 250 93.6264
104 376 133.562
104 507 45.9266
104 1171 56.3443
105 499 82.8024
105 938 21.8268
105 1046 56.0097
106 762 69.0467
106 877 87.294
106 949 56.0261
106 1112 48.7581
106 1174 26.9675
107 608 124.081
107 818 49.0788
107 1081 90.1247
108 209 54.5171
108 538 33.0978
108 671 27.3849
108 1009 19.1595
108 1054 35.132
109 367 55.4066
109 445 38.5278
109 507 79.7907
110 503 75.9262
110 636 61.6532
110 684 70.7387
111 374 19.1144
111 446 37.3321
111 534 54.3417
111 685 48.1261
111 1147 86.068
112 467 45.0473
112 602 70.2435
112 841 52.4096
112 887 128.636
113 287 29.7291
113 721 62.9808
113 794 108.756
114 218 44.0196
114 891 107.136
114 1078 60.5605
115 433 15.8025
115 679 66.5886
115 714 119.999
115 768 65.332
116 992 49.7053
116 1084 27.3291
116 1096 57.3375
117 162 16.2153
117 321 87.8245
117 1138 22.1248
118 636 70.7773
118 656 61.7965
118 978 58.9345
119 771 68.6703
119 772 13.7649
119 807 92.5391
119 1017 24.0747
120 395 64.449
120 397 26.689
120 600 63.8682
120 1061 64.7059
121 246 63.7113
121 693 76.4111
121 743 29.0197
122 128 100.665
122 498 71.4658
122 725 16.1049
123 124 63.4356
123 565 14.5724
123 718 35.6431
124 397 83.3216
124 565 46.671
124 600 64.6158
124 1061 41.0658
125 345 27.2306
125 436 58.322
125 1148 53.6286
126 280 73.0959
126 653 67.2341
126 855 30.9931
127 841 85.7728
127 983 76.7638
128 246 61.2131
128 725 70.5684
129 363 55.6853
129 1097 60.2511
129 1156 5.04147
130 547 92.0243
130 692 57.6585
130 880 51.5727
131 199 37.2491
131 394 29.6475
132 521 27.2801
132 643 21.5448
132 1001 81.4431
132 1099 90.1277
133 326 24.7524
133 399 59.377
133 589 25.2978
134 364 81.0322
134 396 33.4962
134 1013 72.8033
134 1178 41.0734
135 142 29.2843
135 935 60.5039
135 1101 42.9277
135 1162 91.9469
136 166 75.1466
136 311 21.6634
136 707 46.4098
136 769 55.6968
137 197 61.8021
137 670 46.68
137 1097 50.8106
137 1159 21.463
138 355 99.5542
138 392 43.3159
138 664 109.809
139 241 43.6189
139 458 41.2549
140 225 58.6927
140 1091 93.1598
140 1100 28.8212
141 687 83.6314
142 756 78.3329
142 1101 48.2096
143 332 43.7456
143 582 3.252
143 861 70.4171
143 884 86.6547
144 462 72.1702
144 1099 83.4736
144 1166 108.25
145 232 95.6924
145 816 81.8867
145 902 52.7252
146 272 81.8491
146 429 88.6341
146 898 77.5007
146 1155 23.7796
147 380 47.6789
147 631 56.6103
147 705 38.2106
147 999 60.0518
148 169 40.5292
148 472 50.5376
148 666 71.0842
148 870 63.0397
149 541 49.5812
149 1049 47.3244
150 551 63.9972
150 555 60.5561
150 840 65.7435
150 1070 85.6625
151 231 98.9184
151 407 27.7404
151 564 47.9071
151 681 75.4901
152 254 52.1497
152 495 13.8081
152 583 26.086
153 560 19.7539
153 854 91.4464
154 222 41.3463
154 394 54.8131
154 945 55.9205
155 741 79.4454
155 1008 48.7401
156 339 52.4482
156 654 81.0466
156 720 29.5113
156 972 39.007
157 345 37.7132
157 604 68.5397
157 659 45.1062
158 282 64.0708
158 751 91.7684
158 1040 29.8817
158 1091 48.3777
159 764 79.6765
159 790 85.1786
159 957 48.2571
159 1004 59.4834
160 770 66.0263
160 814 56.0878
160 964 32.6622
161 708 52.6729
161 821 89.4852
162 566 94.3037
162 1138 24.9591
163 269 1.83011
163 716 70.0765
163 1042 9.84544
164 476 77.0669
164 749 110.409
164 952 119.383
164 1026 98.901
165 329 111.528
165 373 74.6808
165 684 79.3403
166 311 82.4751
166 429 65.0528
167 266 88.6836
167 610 40.508
167 945 49.6065
167 975 29.9145
167 1045 58.4819
168 648 104.72
168 896 130.89
168 908 45.2714
169 472 34.3432
169 870 27.9486
170 843 48.9193
170 882 40.398
171 459 58.2399
171 592 76.68
171 593 86.6028
172 222 30.4881
172 945 45.7019
172 1045 93.1342
173 483 40.1712
173 508 81.3508
173 828 62.5771
173 921 61.8974
174 350 60.3104
174 1106 58.5087
174 1130 45.2846
175 388 21.6409
176 379 140.185
176 384 110.591
176 923 70.9316
176 1034 75.9811
177 333 106.394
177 947 15.7103
177 1118 84.0267
177 1127 38.9727
178 198 6.25021
178 280 14.6714
178 327 77.0844
179 542 47.1337
179 763 168.838
179 1016 67.6877
180 271 22.0893
180 402 54.7608
180 434 67.5376
181 315 22.6204
181 626 152.623
181 834 29.3193
181 1104 44.3811
182 212 40.8752
182 678 18.2584
182 1089 58.1949
183 243 96.7689
183 458 45.111
183 584 15.8142
184 203 78.4555
184 208 104.281
184 803 35.7525
185 401 74.1359
185 419 45.0407
185 562 41.6186
185 905 62.555
186 293 74.1402
186 637 52.7665
187 221 50.2193
187 625 48.7576
187 722 34.3916
187 742 11.1518
188 305 139.423
188 859 98.9559
188 896 27.601
189 850 36.0814
189 1118 56.5596
189 1127 44.9665
190 463 29.9211
190 972 63.2378
190 1121 47.0501
191 563 64.9755
191 787 17.0759
191 1057 65.827
192 599 6.06619
192 773 90.0486
192 1021 46.2526
192 1066 13.248
192 1074 90.943
193 267 43.0419
193 395 94.3729
193 600 53.3051
193 1071 88.7373
194 745 64.2508
194 1023 81.4595
194 1024 87.4106
195 324 63.7882
195 404 58.0225
195 710 77.4767
195 724 102.134
196 382 10.1689
196 461 43.6411
196 864 51.7346
196 881 53.8346
196 1036 48.9106
197 405 101.849
197 670 23.616
197 1159 71.037
198 280 18.3895
198 327 60.0761
198 869 106.933
199 394 41.061
200 732 45.5884
200 984 49.9501
200 1145 74.5644
201 281 64.5241
201 432 92.8659
201 989 81.1767
201 1137 45.2876
202 717 71.736
202 954 44.5326
202 1173 26.3118
203 208 6.10131
203 660 96.2565
203 920 38.41
204 255 25.6555
204 842 51.4335
204 1084 42.081
204 1096 41.165
205 366 52.0042
205 494 39.0151
205 927 31.7725
206 209 72.4922
206 671 57.9723
206 717 78.5067
207 519 41.6819
207 639 34.4086
207 709 50.1309
207 1047 31.0853
208 660 59.6282
208 920 41.399
209 671 27.0836
209 1009 31.4144
210 350 78.8884
210 400 68.979
210 449 67.516
210 1130 58.4464
211 334 92.3138
211 389 53.2342
211 492 50.4704
211 932 70.5551
212 462 91.8861
212 678 52.7323
212 754 35.7253
212 1089 57.0212
213 469 15.9211
213 477 60.851
213 581 45.5385
213 922 97.2991
214 386 64.2687
214 425 80.6951
214 484 40.5254
215 259 32.5108
215 489 76.846
215 573 19.3844
215 966 31.2323
215 1124 25.6871
216 452 57.9996
216 833 40.355
216 989 53.1427
217 487 21.2431
217 609 61.7654
218 1078 35.8042
219 525 66.0857
219 1082 29.0072
219 1161 68.8636
220 419 54.484
220 562 49.3177
220 1062 85.1953
220 1069 67.8836
221 265 36.5297
221 297 95.307
221 742 52.8089
222 945 35.2323
223 252 93.7579
223 655 70.7768
223 1013 19.2122
223 1178 66.1925
224 480 36.6972
224 780 39.4353
224 969 73.3847
224 1087 51.2942
225 1019 37.9385
225 1100 90.819
226 540 81.3807
226 579 40.5455
226 1115 28.8004
226 1160 54.7693
227 442 68.8272
227 557 14.4034
227 889 88.8668
227 903 42.1158
228 299 35.2719
228 806 66.278
229 473 46.6368
229 479 66.4511
229 578 54.9029
229 886 75.4391
229 924 5.55187
230 781 69.2466
230 800 90.9245
230 1038 63.1841
231 407 101.625
231 564 80.9326
231 940 93.352
232 902 61.8112
232 1035 76.7127
233 378 68.2775
233 628 117.704
233 1028 67.1278
233 1170 40.2053
234 677 64.6512
234 830 74.3952
234 865 73.887
234 1122 41.8965
235 606 43.6181
235 667 71.6003
235 779 35.7908
235 799 65.1457
236 518 57.2101
236 694 42.4061
236 702 39.6807
236 746 44.5558
237 277 80.7328
237 336 71.9285
237 478 7.66605
237 686 47.0723
237 951 41.9945
238 697 75.309
238 856 6.71382
239 341 61.2115
239 357 46.9619
239 965 104.509
240 672 80.6261
240 822 48.2421
240 1153 97.6726
241 329 26.7827
241 458 46.3829
241 990 49.0396
242 641 41.9557
242 906 42.0752
242 949 21.7822
243 346 66.4566
243 421 79.6842
244 488 71.385
244 681 99.6768
244 904 79.979
245 603 9.96366
245 1169 30.5076
246 743 80.8808
247 263 22.5937
247 603 59.6192
247 711 68.5737
248 390 77.2306
248 909 34.8647
248 1080 63.7489
249 455 29.647
249 511 64.9016
249 802 83.1079
249 1097 48.9009
250 1063 54.1038
250 1171 10.7102
251 340 53.6704
251 510 105.197
251 514 71.9339
251 676 96.3163
251 693 47.4523
251 743 92.012
252 752 17.2005
252 886 62.4523
253 464 41.6927
253 910 30.6336
253 913 36.0143
253 1002 27.4822
254 304 63.523
254 495 60.8446
254 583 60.2321
254 622 44.7905
254 848 49.4394
255 842 37.3576
255 1084 41.6155
255 1096 65.9842
256 696 17.1306
256 699 61.454
256 706 78.4783
256 956 92.6615
257 901 37.3504
257 907 155.712
257 1055 116.819
258 432 50.431
258 823 33.8579
259 489 78.0293
259 510 99.0297
259 573 42.3241
259 966 71.9452
259 1124 21.0604
260 649 33.2901
260 878 59.2966
260 1157 20.8741
261 354 28.4875
261 768 60.5679
261 914 5.33888
262 473 23.8381
262 797 61.0574
262 798 78.185
263 603 69.1899
263 711 38.94
264 408 39.4696
264 428 95.8752
264 862 88.214
264 982 74.9291
265 698 103.633
265 742 38.4818
265 1003 70.1971
266 610 56.476
266 812 84.1507
266 975 60.465
267 600 67.819
267 920 86.0884
267 1071 60.1143
268 285 67.8267
268 563 76.0431
268 767 93.7926
269 1042 14.1355
270 292 38.2054
270 308 107.602
270 465 34.961
270 673 41.2084
271 402 88.9839
271 434 60.1791
272 429 111.853
272 569 71.5539
272 1155 84.9128
273 310 58.7562
273 550 39.32
273 613 39.6504
274 566 40.3761
274 1014 63.4555
274 1016 86.804
274 1029 55.2927
274 1106 111.544
275 304 5.94207
275 926 14.1816
275 1094 23.3041
276 295 101.921
276 402 51.6756
276 474 81.5224
276 962 38.3697
277 478 47.8075
277 735 86.272
277 1052 49.6465
278 393 88.4769
278 430 107.946
278 444 110.242
279 692 81.6807
279 728 65.0762
279 881 103.118
280 716 52.3141
281 893 93.1484
281 1050 97.1716
281 1109 74.7082
281 1137 50.518
282 320 86.472
282 1040 39.2261
283 426 38.0135
283 499 46.7018
283 1103 48.1837
283 1123 5.77914
284 732 56.3866
284 1022 80.0516
284 1051 24.9304
285 767 44.701
285 910 36.3864
285 1002 39.9799
286 424 22.4884
286 873 13.9678
286 1120 15.7491
286 1154 8.11148
287 721 80.3878
287 986 44.9158
288 346 67.5169
288 421 60.7034
289 421 82.2614
289 502 38.8192
289 1063 91.5801
290 708 38.1333
290 821 59.4406
290 1172 96.8285
291 321 50.2955
291 331 36.7507
291 1029 31.1361
292 465 52.5592
293 637 24.4089
294 887 19.6731
295 826 125.685
295 962 119.272
296 631 52.7971
296 683 76.649
296 689 67.6616
296 705 18.3109
297 614 44.0313
297 1038 86.7873
298 456 69.1396
298 866 83.7616
298 922 86.2768
298 1015 25.7767
299 475 43.209
299 991 58.9938
299 1067 55.4086
300 629 55.8304
300 632 33.3616
300 663 16.0975
300 669 34.8876
300 941 27.3617
301 428 59.7039
301 894 54.7104
301 917 60.6131
301 1012 148.878
302 618 104.341
302 690 65.5219
302 734 38.2181
302 791 59.1999
302 875 32.8084
303 576 69.0006
303 777 88.4798
303 859 83.2188
303 916 117.831
304 622 31.7171
304 926 17.936
304 1094 31.2112
305 576 52.625
306 963 116.497
306 1003 54.5033
306 1163 39.0749
307 372 51.781
307 804 94.1152
307 815 97.0419
307 1135 31.7901
308 673 44.4579
308 862 21.6558
309 745 59.9327
309 994 27.0024
309 1023 88.0422
310 613 27.2905
310 774 62.9191
310 829 41.1208
311 707 47.0838
311 769 70.9483
312 323 67.6964
312 493 72.2748
312 646 51.7793
312 788 101.85
312 1083 132.23
313 325 15.4332
313 612 88.4014
313 811 51.1033
313 1088 64.2172
314 536 29.5005
314 860 57.2074
314 944 37.4235
314 1044 67.4261
315 834 46.3944
315 1104 44.2338
316 344 47.5537
316 723 9.18629
316 1064 41.3112
316 1086 100.214
317 408 56.1612
317 982 14.7898
318 337 56.5081
318 737 58.986
318 985 22.9273
319 1081 117.691
319 1087 77.2872
320 1008 66.6192
321 331 49.7522
321 1138 55.1256
322 333 118.169
322 675 81.7323
322 1133 33.3547
323 493 98.601
323 1083 37.3816
324 337 135.081
324 710 15.4434
324 724 47.4208
325 1037 60.9477
325 1088 32.2393
326 399 66.4438
326 589 14.5042
327 899 45.716
328 356 36.0076
328 534 57.6482
328 766 109.231
328 792 33.8569
329 373 38.4185
329 584 106.392
329 990 39.4538
330 658 78.2578
330 1177 100.965
331 1029 35.0858
332 582 47.4444
332 694 80.0803
332 861 51.1324
332 884 47.7418
333 518 76.1924
334 492 50.3627
335 413 47.2161
335 455 57.8813
335 621 5.62176
335 802 24.3351
336 857 34.3777
336 951 15.3842
337 985 89.2628
338 938 34.623
338 1046 4.91252
339 426 92.8786
339 654 74.8241
340 514 49.467
340 676 57.299
340 828 85.1833
341 840 6.76676
342 524 48.4577
342 803 77.2106
342 895 66.9704
342 1085 38.2094
343 417 73.671
343 619 28.4115
344 413 64.4701
344 723 54.6726
344 1086 62.4754
345 659 43.6099
346 753 75.1286
347 1010 17.1758
347 1175 11.1478
347 1177 58.012
348 616 48.1861
348 872 83.7602
348 876 17.0732
348 896 140.847
349 381 58.9758
349 979 103.21
349 1053 39.4467
349 1131 81.2265
350 449 22.0114
350 1130 32.4231
351 535 53.983
351 1062 52.2276
352 367 70.6631
352 445 49.4424
352 614 52.9028
353 558 49.6492
353 771 51.3496
353 793 41.7134
353 1076 61.5335
353 1158 28.8237
354 617 77.5616
354 642 70.9647
354 914 42.9305
355 392 43.4155
355 414 57.3054
355 549 52.7797
355 950 15.4922
356 398 99.6963
356 534 28.8766
356 766 66.6078
356 792 66.2
357 965 109.878
358 505 61.6005
358 953 47.2068
358 1162 34.4162
359 498 9.18598
359 871 110.866
360 401 67.1382
360 596 114.143
360 905 94.1664
361 808 86.0987
361 837 33.2577
361 1059 18.6871
361 1073 63.2794
361 1092 79.6599
362 418 48.2252
362 595 44.2309
362 999 51.5857
363 454 51.7724
363 550 74.099
363 1156 46.1746
364 396 40.1928
364 1178 84.2949
365 935 87.0416
365 968 80.1439
365 998 71.5421
366 494 32.6104
366 927 49.4714
366 960 68.2458
366 1140 31.0027
367 445 39.019
368 468 117.552
368 713 46.1208
368 967 28.9206
369 539 59.7581
369 688 61.9281
370 523 49.2862
370 700 15.1657
370 753 47.6518
371 699 55.6569
371 956 83.1773
372 612 41.1391
372 815 83.2389
373 575 81.437
373 990 25.7535
374 420 83.9224
374 446 65.4091
374 1147 45.7687
375 422 33.9649
375 590 60.6925
375 691 82.5104
375 758 58.0354
375 764 55.4266
375 957 34.3397
376 507 75.2379
376 983 68.2302
377 543 8.02435
377 681 40.3183
377 911 71.0775
377 1012 109.396
377 1031 113.885
378 628 51.7868
378 1170 78.0171
379 384 33.6694
379 1034 94.668
380 631 23.2399
380 999 83.629
381 559 84.791
381 1053 43.4025
381 1131 57.9789
382 461 72.1234
382 864 50.8101
382 881 49.1933
382 1036 77.158
383 541 45.0967
383 838 71.1703
383 1049 57.5596
384 1034 59.3604
385 936 72.242
385 1086 128.611
386 943 54.8205
386 1158 65.3753
387 683 31.7354
387 689 72.9932
387 874 93.8445
387 1043 96.6093
389 468 33.3905
389 932 15.8942
390 1080 22.769
391 658 78.0859
391 836 64.1631
391 900 82.7356
391 1149 145.716
392 605 65.4772
392 950 68.523
393 430 5.02831
393 599 70.7207
393 1021 42.8061
395 397 95.1671
396 1178 45.3253
397 1061 40.3169
398 420 80.2253
398 534 83.0675
398 838 118.384
399 589 61.5099
400 482 82.6066
400 640 20.741
401 596 79.6797
401 905 56.2781
402 434 49.5122
402 962 113.491
403 548 69.5735
403 791 87.1352
403 1095 24.6633
404 484 77.477
404 805 24.5943
404 837 93.307
405 511 81.5056
405 931 97.5807
406 576 10.3532
406 1044 54.2348
407 564 55.6068
407 911 96.2023
408 982 39.3728
409 595 60.9895
409 623 69.0982
409 774 63.5555
409 782 118.607
410 533 68.1264
410 622 54.2723
410 747 59.8819
410 848 59.0923
411 726 79.1405
411 819 37.8345
412 851 39.9587
412 858 83.1152
413 621 33.9863
413 1086 59.7816
414 549 55.3272
414 605 51.8597
414 950 22.4868
415 569 150.662
415 796 67.3517
415 809 43.2815
415 1065 104.099
416 441 59.4219
416 778 65.9806
416 1108 54.5015
417 559 58.1473
417 619 69.6869
417 731 102.301
417 1007 39.1433
418 885 33.6869
418 1020 26.3818
419 562 21.1844
420 423 90.1675
420 620 63.7627
420 1147 53.4309
422 638 79.3432
422 691 66.2363
422 764 34.1567
422 957 32.6728
423 620 36.4521
423 1147 81.1387
424 873 38.0677
424 1154 8.87415
425 484 44.4787
425 805 52.9516
426 1103 18.5092
426 1123 57.7513
427 524 50.2785
427 687 158.333
427 980 14.1633
427 1010 59.1387
428 894 59.6182
428 917 24.1834
430 599 74.5865
430 1021 39.1787
431 664 41.3797
431 748 104.202
431 1150 64.1374
432 823 103.707
433 679 54.9083
433 768 92.8299
434 823 76.8623
435 821 47.8815
436 1009 74.9951
436 1054 78.4995
437 556 60.8919
437 653 73.6157
437 775 45.9365
437 855 39.4059
437 869 44.6704
438 535 71.3536
438 1006 78.2094
438 1075 98.4463
438 1173 49.0679
439 515 98.5975
439 755 74.1585
439 1068 20.0912
440 464 42.1324
440 678 117.85
440 913 83.3157
441 655 99.9519
441 778 71.0902
441 1072 58.1472
441 1108 85.4526
442 557 77.7252
442 903 49.3286
443 567 30.4662
443 783 26.5548
445 614 76.1181
446 485 60.5696
446 577 111.032
446 685 39.3547
446 839 44.1574
447 939 87.3493
447 955 80.7001
447 1113 76.7348
448 497 26.3623
448 633 93.3007
448 1081 89.4347
449 1130 60.2536
450 554 32.3999
450 682 32.6931
450 1093 52.3558
451 557 69.3456
451 651 49.4323
451 889 54.6343
452 833 34.8819
452 878 112.825
453 466 65.2402
453 761 95.5335
453 795 92.4825
453 946 78.06
454 550 76.7821
454 900 58.8994
455 802 37.4025
456 1015 36.6459
457 709 80.0192
457 915 48.2479
458 584 80.4046
459 546 97.3055
459 592 27.7043
460 568 80.1255
460 849 76.505
460 992 46.7222
460 1022 64.0832
460 1051 68.5657
461 529 64.7838
461 846 56.909
461 864 33.9555
462 754 67.3986
463 720 22.9017
463 972 17.6434
463 1121 52.5671
464 913 21.8847
464 1143 71.2952
465 673 42.4735
466 503 57.6669
466 946 53.362
467 602 41.2046
467 841 40.991
468 713 75.4702
468 932 16.3754
469 477 40.8563
469 581 58.437
470 652 21.2775
470 729 38.6347
470 987 55.6026
470 1112 68.5668
471 757 13.9602
471 867 86.0112
472 870 62.054
472 1132 34.2112
473 578 74.4831
473 924 58.3879
474 847 95.261
474 962 25.0272
475 976 69.4725
475 991 70.7024
475 1067 27.5592
476 749 29.6717
476 1026 47.8203
477 581 124.654
477 668 130.417
478 686 65.6459
478 951 35.6368
479 578 107.627
479 1090 46.6535
480 780 42.3456
480 969 55.027
480 1087 81.8941
481 909 91.8614
481 996 59.7872
481 1045 35.1532
482 505 97.9778
482 640 82.0079
482 755 37.3576
483 508 64.1702
483 828 32.3101
483 921 99.4396
484 805 28.6112
485 577 42.4351
485 839 52.6099
486 586 27.4839
486 832 103.036
486 928 51.5962
487 609 85.3872
488 703 25.5727
488 740 75.9636
488 904 2.16
489 1124 39.8568
490 665 72.539
490 951 63.2998
490 970 11.9641
490 1052 53.5109
491 529 76.0558
491 589 118.325
491 846 95.3003
493 570 58.5625
493 646 102.592
493 715 91.5634
493 1144 68.8285
494 927 30.8205
495 583 24.4515
496 531 46.5909
496 1128 110.815
497 633 60.6859
497 1081 44.1563
498 871 98.9035
499 1024 85.7615
499 1123 22.4866
500 523 55.0869
500 700 54.6645
500 753 67.5672
500 824 79.4587
501 530 122.173
501 544 55.4325
501 571 126.952
501 929 75.3622
502 740 148.448
502 1063 94.9367
503 883 83.966
503 946 100.356
504 796 44.8625
504 885 80.2006
504 1020 49.2141
504 1065 52.5927
504 1110 17.8187
505 755 81.3951
506 677 113.711
506 865 109.797
506 919 66.593
506 1151 57.933
507 983 111.527
508 921 32.5529
509 513 23.5464
509 1056 21.1264
509 1161 80.6325
510 693 39.8272
511 621 88.4388
512 524 41.4967
512 803 81.5287
512 895 27.7723
512 980 62.8167
513 863 102.201
513 1056 3.85883
513 1161 43.8141
514 676 24.5875
515 730 80.6025
515 763 36.9718
515 1068 57.7511
516 526 35.1443
516 585 66.1464
516 959 32.9535
517 650 16.826
517 845 40.7017
517 960 65.8666
518 702 35.5098
518 746 65.5921
519 639 50.8633
519 1047 72.7537
520 712 32.2652
520 772 83.7045
520 807 17.7817
521 643 9.01328
521 1001 54.6952
522 953 39.9462
522 1000 70.59
522 1142 15.1063
523 785 55.8006
523 824 7.99695
524 597 47.191
524 895 16.3091
524 980 50.933
525 546 63.0941
525 1082 61.5258
526 959 20.6684
526 1035 76.0489
527 719 125.706
527 891 11.6469
528 629 68.3617
528 776 38.9976
528 912 51.6201
529 846 15.9004
530 604 115.432
531 735 90.1135
532 761 29.1684
532 977 46.2383
532 1119 59.7082
533 747 62.4635
533 810 37.1461
535 954 61.223
536 944 64.6973
536 1044 78.1302
537 844 24.5181
537 1129 52.8135
537 1141 82.5036
537 1176 85.0075
538 1054 31.6015
539 688 46.4594
539 708 120.75
540 579 41.3722
540 978 51.0472
541 611 65.4239
541 1049 44.6236
542 686 95.0287
542 1016 96.4046
543 681 51.3531
543 911 53.4209
543 1031 96.7465
544 571 67.0055
544 929 47.6937
545 600 31.1906
545 647 76.6431
545 1071 13.5621
546 592 75.7112
547 733 150.935
547 880 56.8305
548 657 56.8423
548 701 88.6796
548 1005 70.6285
548 1095 64.8113
549 950 72.8177
550 613 47.135
550 829 59.0448
551 555 28.1061
551 832 37.4892
551 928 103.617
551 1070 70.6554
552 756 30.5057
552 786 14.6826
552 1060 42.4008
553 944 57.6544
553 1069 32.0923
553 1168 24.6028
554 682 67.4732
554 771 25.7799
554 1093 54.0982
555 832 31.4314
555 1070 47.2376
556 775 55.5354
556 869 84.9869
557 889 74.9311
557 903 26.4461
558 793 26.4255
558 1076 25.1375
559 731 113.098
559 1133 39.141
560 854 96.2759
561 736 41.4037
561 993 12.9102
562 1062 92.4993
563 787 82.6323
563 1057 66.2542
563 1110 57.7526
565 647 98.4627
565 718 32.6208
566 1014 64.75
566 1106 40.8666
566 1138 92.0438
567 783 7.42019
567 979 92.5024
568 842 70.3653
568 849 17.6137
569 1155 111.167
570 715 28.7484
570 1144 151.871
571 929 65.8554
572 737 65.7461
572 937 23.1493
573 915 90.669
573 966 14.483
573 1124 66.5284
574 580 172.868
574 607 52.3873
574 1077 102.654
575 684 76.866
575 990 104.658
576 1044 65.8398
577 839 97.8919
578 797 61.3421
578 924 53.2563
579 1115 92.7184
580 607 125.971
580 736 151.943
581 922 12.4315
582 704 104.876
582 861 58.8933
582 884 61.798
585 875 82.4209
585 1095 64.5717
586 747 85.1065
586 832 96.8223
587 588 55.6432
587 1038 120.214
588 715 107.271
588 800 112.746
589 730 98.2795
590 672 68.4302
590 758 42.1765
591 662 168.015
591 667 91.8219
591 1111 105.623
593 787 92.6926
594 617 47.0871
594 642 71.4794
594 1030 63.1513
594 1041 45.8399
595 999 67.4566
596 744 52.8835
597 1010 49.0297
597 1085 37.6342
597 1177 16.0473
598 608 56.6351
598 817 34.1459
599 1021 32.8516
599 1066 6.47059
600 1071 26.2518
601 695 25.5214
601 997 56.5552
602 841 86.4673
603 711 103.179
603 1169 55.6338
604 1169 57.3763
605 950 65.5423
606 667 71.3908
606 779 62.4069
606 799 49.8826
607 1077 78.2009
608 817 75.8453
609 804 54.6284
609 811 35.2394
610 909 82.9769
610 975 59.1251
610 1045 78.3587
611 641 69.5248
611 906 39.4905
612 1022 101.729
613 829 39.0819
615 897 105.205
615 974 75.257
615 1107 103.851
616 876 57.2774
616 996 51.9914
617 642 29.1598
617 1041 119.541
618 734 68.916
618 1114 111.619
619 1007 38.096
620 988 104.938
620 1125 89.3757
620 1147 94.7133
621 802 43.2808
622 738 41.0125
622 848 23.8036
623 774 20.4696
623 782 51.732
624 786 86.3771
624 939 24.6943
624 955 27.4657
625 722 40.3318
625 742 55.4309
626 831 114.426
626 834 114.662
627 933 22.4138
627 1011 48.4445
627 1027 47.2754
628 998 84.5658
629 632 43.8329
629 776 69.7195
629 912 66.3136
629 941 25.3272
630 706 151.119
630 795 101.634
630 1126 119.427
631 874 86.8129
632 669 50.5441
632 941 21.8216
633 819 76.5026
634 801 54.6258
634 1033 97.5575
634 1117 10.498
634 1146 48.0459
635 784 12.8467
635 799 103.175
635 1058 57.5445
636 656 25.2645
636 684 35.0152
636 1039 79.5339
638 764 71.6543
639 1047 35.7873
640 755 73.0451
640 1068 78.9002
641 906 37.4667
641 949 70.7157
643 1001 90.7534
644 1134 56.7804
645 735 88.0423
645 907 91.1853
645 1032 35.2059
646 788 40.4162
648 899 65.8453
648 908 81.1292
648 1172 38.1479
649 850 51.8598
649 878 15.0544
649 1157 29.4709
650 845 45.7755
650 960 62.5989
651 799 101.43
651 889 99.9642
652 729 31.5773
652 987 33.4661
652 1167 36.1498
653 855 51.1696
654 845 57.8507
654 1024 101.203
655 1072 23.849
655 1108 48.8277
656 684 60.6164
656 1039 51.1809
657 701 14.9091
657 1139 56.8484
658 1149 74.2269
659 1148 79.2247
660 1141 72.5358
661 812 111.223
661 1114 128.15
662 734 76.7774
662 868 19.6653
663 669 16.1239
663 941 31.5808
664 748 75.821
665 970 66.229
666 826 38.6131
666 934 43.0626
666 1109 136.436
667 779 66.3856
667 1111 77.4389
668 971 42.1696
670 1159 74.2324
671 1009 46.9305
672 758 25.674
672 1153 67.083
673 766 92.3156
673 862 76.8464
674 759 29.4597
674 1035 25.6235
677 1122 119.978
678 1089 83.9179
679 768 40.1392
679 914 46.9894
680 688 57.9974
680 759 76.7668
680 1102 20.6941
680 1116 41.3858
681 911 82.4936
682 1093 79.9346
683 689 45.957
683 1043 69.212
685 792 57.2195
686 951 115.44
689 1105 83.1862
690 875 47.5563
691 764 57.4709
693 743 47.5952
694 746 62.2012
695 997 85.7521
695 1089 67.5588
696 699 95.0769
696 706 116.78
696 956 78.712
697 856 112.918
697 952 24.9852
697 973 27.3995
698 1003 44.3525
699 956 66.927
700 753 31.4779
701 902 94.4853
701 1139 108.691
702 746 53.0705
703 740 34.6664
703 904 26.8044
704 861 43.0013
707 769 18.861
709 1047 69.4117
710 724 44.236
712 772 104.366
712 807 42.9795
713 967 63.5312
714 768 96.915
714 978 158.924
715 800 63.3797
716 1042 70.4204
717 744 87.8096
718 801 32.1916
719 727 11.046
719 825 49.795
719 1075 71.0734
720 972 23.2807
722 742 29.2135
723 741 45.9185
723 1064 31.7937
726 819 129.616
727 825 55.5354
727 1053 90.638
728 881 49.8476
728 1036 97.9023
729 987 14.4509
730 763 35.6463
732 1051 56.8209
733 880 92.4338
733 911 64.7875
734 868 80.1078
736 993 33.3983
737 937 42.2637
738 848 20.4568
738 1152 60.7169
739 940 55.9678
739 970 80.9763
739 1128 55.9372
740 904 71.8818
741 930 34.1356
741 1064 16.8973
744 954 53.7198
745 994 93.8831
745 1023 41.3647
748 851 90.9799
748 1150 88.5559
749 1026 40.6993
750 760 28.2128
750 835 19.8474
750 969 24.9083
752 886 47.5283
752 1090 118.765
754 997 128.321
756 786 20.5826
756 1060 68.0467
757 867 83.0809
759 1035 39.1696
760 835 45.9136
760 969 30.9131
760 1140 31.9558
761 977 61.9653
761 1119 62.9492
762 877 57.2426
762 1112 107.352
763 1068 126.011
764 957 11.0827
765 1148 59.6927
767 910 52.4935
767 961 110.45
768 914 47.9148
770 814 51.7185
770 964 61.5085
770 1018 91.2913
771 772 58.1202
771 1017 72.123
772 1017 14.1015
773 998 85.5016
774 782 63.1634
775 855 39.0488
775 869 57.8199
776 912 9.85618
777 859 18.2047
777 916 68.1117
779 1111 116.88
780 948 77.0132
780 1087 18.6649
781 800 77.6611
782 1105 82.498
783 979 105.02
784 799 132.152
784 1058 81.7975
785 789 42.029
785 824 42.4446
786 1060 72.7364
787 1057 67.8856
789 824 65.5849
790 1004 33.6832
790 1132 49.9765
791 875 54.232
791 1095 61.7785
793 1076 25.7587
794 918 59.9889
794 986 57.4922
795 1126 24.3518
796 809 91.1547
796 1065 9.69932
796 1110 57.4919
797 798 59.7175
799 1058 55.07
801 852 38.2665
801 1117 50.2129
804 811 56.4594
804 1135 43.8182
806 976 18.8926
808 1059 76.8768
809 1065 87.9545
810 1150 78.4711
811 1037 45.7068
812 1048 73.9216
812 1114 50.1633
813 863 28.3245
813 942 10.8752
813 966 88.2712
814 964 20.7862
816 820 93.2363
816 1116 115.939
818 1081 69.0295
820 1102 58.3101
820 1116 40.3847
822 1153 46.9268
822 1164 67.7887
825 1006 31.3686
825 1075 28.86
826 934 72.3243
827 852 55.0829
827 1117 75.2876
830 1122 40.4617
831 1104 85.5302
832 1070 23.9223
833 893 67.4816
833 989 89.6206
834 1104 58.8014
835 969 34.2623
836 842 67.5801
836 900 52.7053
837 1059 75.4442
838 1049 119.091
843 882 39.733
844 1129 70.8395
847 916 58.4639
847 962 102.395
848 1152 68.6071
849 992 102.349
850 1157 64.4478
852 1117 78.792
853 958 31.5209
853 967 173.649
854 1167 23.0977
857 951 46.4755
860 944 44.4355
863 942 22.426
865 1122 51.2634
865 1151 109.068
866 1015 37.0406
866 1048 44.4328
867 892 41.5265
867 1165 48.0968
870 981 64.6423
870 1132 56.4116
872 876 48.0246
873 1025 110.717
873 1120 10.3763
873 1154 15.707
874 1043 56.3174
877 1036 89.7888
878 1157 28.2393
879 963 18.9958
879 1163 56.7763
881 1036 67.8545
883 977 74.5686
883 978 107.931
883 1098 64.3625
885 1020 7.65255
886 1090 100.533
888 892 120.305
888 928 68.8553
888 1165 65.3502
889 971 118.238
890 1005 39.4967
890 1079 182.139
890 1139 80.9005
892 1165 42.3024
893 1050 23.8955
894 917 17.459
897 919 111.941
897 974 112.538
897 1107 88.3609
898 1155 59.0722
899 908 89.5006
899 1172 37.1712
901 907 129.793
901 1032 127.99
901 1055 84.4588
907 1032 128.074
909 1045 51.9235
910 1002 11.5443
913 961 87.8773
913 1143 38.7624
915 966 60.1537
918 986 97.0576
919 1107 58.8259
919 1151 83.8404
923 968 75.1002
923 995 110.217
923 1034 81.9033
923 1136 101.828
925 1018 66.2988
925 1037 78.2656
925 1160 92.9546
926 1094 18.5096
930 1064 34.2329
930 1150 89.1905
933 1027 28.8437
934 965 58.9232
935 968 46.4839
936 1019 88.5458
938 1046 37.5536
939 955 28.8929
940 1128 115.719
942 966 78.5855
943 1093 79.9967
943 1158 66.1856
944 1069 44.4824
944 1168 51.1172
945 975 80.6211
946 1025 93.6198
947 1127 28.0782
948 1087 97.7184
949 1174 70.1526
952 973 54.5307
953 1142 44.3902
954 1173 62.4807
958 967 79.3469
959 1035 65.2193
960 1140 57.5049
961 1143 31.8331
963 1163 57.8383
970 1052 48.2722
970 1128 67.2091
974 1107 50.6881
977 1098 57.47
977 1119 52.4821
981 1050 83.3568
984 1145 17.5608
985 1092 73.957
986 1170 65.4397
987 1021 42.0164
988 1083 121.473
988 1125 31.1764
989 1137 30.6322
990 1030 84.3099
991 1067 47.0706
992 1051 70.7863
994 1023 95.5771
995 1074 66.3704
995 1136 67.9333
1000 1011 55.2639
1000 1142 47.0744
1004 1132 61.9848
1005 1139 62.7528
1006 1075 38.1933
1009 1054 21.7656
1010 1175 25.2738
1010 1177 46.3978
1011 1142 47.5534
1012 1031 61.7422
1013 1178 53.3102
1014 1106 73.4214
1015 1048 67.2552
1016 1029 85.0035
1017 1026 94.1743
1018 1098 79.6771
1018 1160 52.8228
1019 1100 107.258
1021 1066 54.8328
1022 1051 67.0463
1025 1120 103.947
1028 1113 96.5764
1030 1041 27.1098
1033 1117 126.607
1033 1146 93.0618
1034 1136 42.7695
1037 1088 23.4802
1040 1091 101.069
1042 1077 127.746
1052 1128 63.6379
1053 1131 23.59
1055 1164 88.5082
1056 1161 32.4527
1059 1092 40.2724
1063 1171 40.2811
1065 1110 50.4453
1066 1074 118.439
1072 1108 21.4417
1073 1076 77.5112
1079 1111 153.812
1082 1161 71.9428
1083 1144 97.725
1084 1096 22.2854
1085 1177 54.5321
1093 1158 50.6794
1097 1156 74.949
1097 1159 49.9554
1099 1166 51.6528
1101 1162 44.5767
1102 1116 20.1815
1103 1123 60.2633
1105 1149 79.4542
1112 1174 23.973
1115 1160 25.3833
1117 1146 77.0702
1118 1127 83.9109
1120 1154 20.9452
1125 1147 85.565
1129 1141 25.3317
1129 1176 21.6081
1141 1176 28.9705
1153 1164 84.9634
1175 1177 59.3777
