907 1715
0 84.5597 1130.51
1 1235.71 1046.63
2 162.51 1457.27
3 1338.19 345.706
4 123.997 675.209
5 801.997 1291.46
6 1273.72 721.082
7 1011.8 1132.46
8 1225.34 729.157
9 240.163 829.925
10 39.8384 292.756
11 258.635 684.588
12 967.851 1454.31
13 830.368 1192.06
14 1238.29 144.121
15 1249.53 1347.6
16 307.441 1252.17
17 1312.88 830.409
18 244.695 484.821
19 1323.23 1016.59
20 2.94786 489.264
21 1288.28 653.872
22 160.578 906.471
23 1287.1 1166.88
24 1336.44 738.14
25 510.36 1075.04
26 1048.41 1050.24
27 1088.86 998.228
28 809.416 1334.1
29 282.814 1130.87
30 328.779 275.314
31 96.9344 1347.64
32 815.347 879.707
33 1053.61 1351.47
34 171.699 880.733
35 489.483 870.586
36 373.749 1236.07
37 360.126 1341.54
38 627.545 1231.6
39 769.656 456.03
40 909.354 60.1742
41 1009.58 879.595
42 189.892 120.479
43 1469.17 891.539
44 647.444 760.183
45 453.482 896.043
46 897.853 1126.59
47 307.759 1171.14
48 149.972 1187.8
49 405.324 299.293
50 1036.38 1253.02
51 1407.85 760.898
52 484.616 863.124
53 76.0973 459.604
54 891.621 1427.4
55 647.638 348.839
56 602.036 1057.3
57 790.892 1140.48
58 724.346 1213.58
59 454.985 1361.56
60 238.833 1121.9
61 930.725 127.925
62 1429.6 91.4746
63 509.259 219.385
64 1127.58 335.028
65 280.581 1068.87
66 895.999 1043.16
67 767.981 646.174
68 175.416 1497.22
69 950.234 1003.2
70 451.083 1448.77
71 749.046 877.748
72 1152.26 875.72
73 246.4 94.6108
74 951.165 1500.28
75 17.3088 142.004
76 561.89 667.376
77 493.875 824.579
78 311.154 63.7043
79 95.305 1234.15
80 376.374 1367.13
81 99.784 396.848
82 1253.68 1142
83 144.165 1151.46
84 14.9211 680.688
85 953.648 1233.85
86 1070.23 1368.34
87 823.264 1469.08
88 892.549 1414.93
89 211.738 531.976
90 1175.27 663.86
91 217.997 615.523
92 871.253 42.7146
93 259.61 492.766
94 478.005 1340.43
95 1302.18 191.399
96 774.963 1013.15
97 469.112 942.745
98 880.39 543.005
99 1051.29 1260.65
100 601.602 1338.13
101 1102.95 821.709
102 10.0618 372.687
103 1071.82 404.895
104 902.189 880.553
105 127.216 1395.96
106 1329.41 452.589
107 549.75 272.118
108 1194.99 559.048
109 1118.87 894.311
110 1113.03 1025.2
111 421.026 557.411
112 1428.63 1435.37
113 1000.01 162.14
114 1447.87 657.902
115 496.378 214.574
116 1160.09 604.73
117 662.939 1059.77
118 1471.78 1460.55
119 942.393 280.257
120 858.481 838.524
121 1489.38 274.777
122 1204.77 316.965
123 300.258 379.167
124 887.176 12.2272
125 1151.11 303.467
126 1309.53 1289.29
127 941.234 511.16
128 838.79 363.623
129 677.493 856.802
130 1380.12 1385.85
131 912.393 302.404
132 1139.16 1199.15
133 618.444 1348.1
134 783.923 677.423
135 463.314 210.877
136 986.544 146.574
137 1089.81 1325.81
138 1445.84 1020.6
139 1258.13 310.731
140 990.034 338.004
141 760.584 1402.92
142 614.488 1463.49
143 1050.15 335.97
144 661.893 1309.42
145 223.464 893.856
146 119.387 743.496
147 81.5612 620.676
148 1192.13 424.691
149 440.823 866.006
150 1466.36 1015.65
151 1319.64 387.243
152 1247.25 1395.75
153 74.5885 1137.03
154 1291.04 57.518
155 581.782 890.852
156 1308.18 817.059
157 1474.27 30.0983
158 316.207 656.165
159 1326.2 706.408
160 1264.56 196.694
161 813.148 731.58
162 602.492 1039.83
163 432.268 906.597
164 990.504 1023.04
165 1421.88 1504.04
166 1057.09 1056.29
167 360.922 1116
168 868.037 605.266
169 1473.65 362.335
170 1042.02 643.754
171 1247.56 620.79
172 1278.06 785.673
173 171.844 309.991
174 1046.72 704.787
175 200.835 1385.93
176 419.398 369.876
177 245.849 1063.84
178 872.101 1303.29
179 1144.04 341.656
180 1457.04 555.14
181 767.46 733.345
182 143.052 162.722
183 828.079 164.103
184 1222.87 784.481
185 1303.46 54.3049
186 283.986 217.548
187 942.067 5.65685
188 411.146 36.2244
189 1409.38 393.626
190 70.3587 74.7718
191 821.317 378.963
192 1483.41 887.838
193 1076.6 1307.84
194 279.518 1381.26
195 1045.32 1269.8
196 900.987 505.143
197 357.646 1052.75
198 720.203 142.316
199 215.954 1312.48
200 1268.65 703.404
201 570.254 1137.84
202 1289.38 1359.4
203 1052.99 595.542
204 743.358 1406.59
205 1354.58 588.599
206 1397.49 776.013
207 465.451 665.785
208 798.08 954.573
209 562.698 1363.32
210 1149.29 153.497
211 353.393 477.225
212 1304.91 51.5654
213 346.475 549.697
214 1439.27 245.839
215 491.952 1056.33
216 3.38211 435.101
217 467.493 57.8662
218 144.185 267.516
219 578.202 766.631
220 383.75 673.441
221 442.794 893.763
222 622.287 481.694
223 1088.21 1254.82
224 528.217 434.142
225 550.293 1066.56
226 477.505 601.023
227 1451.92 690.557
228 1476.53 1046.3
229 791.41 664.829
230 791.967 783.123
231 1034.06 997.011
232 1349.99 1375.06
233 689.42 1482.8
234 366.874 774.871
235 696.216 684.396
236 12.7038 1191.52
237 370.781 187.536
238 1372.5 486.837
239 812.53 1314.44
240 1072.44 310.741
241 554.513 1052.39
242 360.771 997.124
243 665.053 465.953
244 642.796 96.9091
245 1154.78 1223.85
246 1458.13 3.96022
247 902.12 286.358
248 887.166 981.992
249 1325.42 1059.42
250 587.688 52.6042
251 963.484 64.9826
252 1061.75 1297.21
253 1191.83 57.9876
254 1430.49 720.601
255 6.23604 24.3639
256 1280.32 184.806
257 689.286 1374.5
258 645.983 390.203
259 265.608 1358.56
260 22.2964 700.551
261 228.741 434.121
262 516.945 1178.48
263 51.2004 1178.62
264 1443.79 525.971
265 1356.83 387.403
266 367.442 182.291
267 1454.09 1064.91
268 469.948 661.424
269 365.155 898.798
270 312.989 569.066
271 274.345 1120.66
272 807.566 643.537
273 870.568 1372.67
274 119.24 40.7919
275 874.631 490.61
276 520.764 894.21
277 146.761 570.171
278 1127.67 124.39
279 253.686 768.089
280 733.383 913.933
281 846.463 703.764
282 43.1767 436.342
283 1459.78 1088.15
284 1362.78 1043.7
285 1023.45 542.514
286 1437.06 1160.69
287 589.424 545.212
288 362.366 1264.54
289 1044.71 1021.95
290 344.136 805.796
291 1390.78 1391.03
292 958.926 1007.74
293 296.857 1177.18
294 949.476 1461.88
295 316.228 162.586
296 1342.45 1307.84
297 779.845 1016.21
298 1206.51 1018.68
299 1481.19 1164.6
300 1148.55 700.077
301 404.073 1468.33
302 1312.71 658.397
303 128.663 13.4556
304 251.087 767.67
305 1446.34 184.678
306 1305.18 500.091
307 1314.03 326.058
308 888.887 1025.42
309 1200.47 1040.73
310 926.261 1005.69
311 898.905 504.739
312 34.0904 399
313 14.9308 343.783
314 657.763 449.154
315 560.23 220.73
316 763.952 1107.18
317 816.167 414.685
318 247.628 879.958
319 633.926 1352.99
320 697.614 90.2511
321 1059.24 1326.67
322 1343.71 213.992
323 76.5677 1367.69
324 865.108 427.586
325 637.47 52.0872
326 615.008 281.935
327 467.645 126.854
328 1497.93 118.44
329 834.12 839.445
330 1319.21 93.3929
331 1304.58 857.091
332 565.623 1118.29
333 1376.98 53.0137
334 1270.8 731.883
335 1442.31 1115.1
336 822.195 1306.71
337 1368.15 898.907
338 1175 760.442
339 537.875 650.675
340 1135.13 628.573
341 563.009 701.68
342 1500.81 279.093
343 295.329 1325.9
344 1283.63 1141.32
345 81.6893 961.275
346 1367.6 639.824
347 996.051 52.2671
348 1188.41 1213.82
349 821.951 897.797
350 493.677 588.68
351 431.609 1398.97
352 769.889 171.689
353 403.179 1493.09
354 639.091 157.063
355 514.903 1427.77
356 1210.44 1323.19
357 1038.31 915.614
358 964.077 727.745
359 1297.89 230.229
360 8.38412 360.802
361 960.079 910.667
362 688.053 880.879
363 1352.71 317.795
364 853.217 995.459
365 259.55 1424.39
366 706.284 739.939
367 957.73 622.655
368 890.591 24.6231
369 277.131 1096.23
370 891.128 727.908
371 140.658 1177.91
372 414.756 132.792
373 663.079 1418.3
374 979.363 136.073
375 1061.9 1375.89
376 509.212 1441.71
377 725.922 903.081
378 1108.49 1136.11
379 693.466 398.045
380 663.758 426.451
381 73.0842 594.577
382 116.929 1399.25
383 362.02 423.835
384 611.757 432.057
385 536.182 822.726
386 1288.66 618.175
387 117.857 504.641
388 716.305 163.51
389 623.921 452.083
390 178.066 1336.71
391 189.855 1263.04
392 406.421 775.543
393 693.833 916.897
394 807.879 651.569
395 814.586 1433.53
396 1407.01 419.165
397 990.071 1481.12
398 134.319 1446.33
399 1483.94 421.313
400 947.155 263.78
401 854.656 523.157
402 948.043 754.58
403 905.209 424.55
404 1391.56 1108.3
405 114.078 1435.59
406 1367.86 178.248
407 1443.68 112.531
408 246.958 775.316
409 103.256 1068.78
410 1201.09 673.529
411 281.634 842.663
412 1143.53 358.249
413 1038.75 1388.88
414 403.449 1414.75
415 1499.43 1169.72
416 649.348 804.709
417 251.627 736.629
418 952.4 38.5784
419 431.59 479.856
420 1073.52 86.0108
421 838.932 1348.53
422 1082.18 398.126
423 129.45 949.67
424 817.113 845.105
425 318.704 251.715
426 1338.28 1298.11
427 1431.42 96.5537
428 272.991 476.824
429 409.975 1144.55
430 114.466 956.888
431 717.603 1459.29
432 431.008 1491.63
433 229.264 1083.38
434 1084.07 1157.55
435 5.38498 663.768
436 1217.51 995.138
437 1362.05 1375.95
438 901.29 186.174
439 307.377 1436.56
440 535.665 1039.9
441 1140.92 809.375
442 1021.54 562.743
443 765.863 1371.82
444 1166.01 460.98
445 1042.05 139.978
446 1126.69 1129.16
447 29.0423 23.0469
448 546.509 1437.81
449 1086.04 1311.43
450 977.944 581.221
451 421.112 172.158
452 1092.74 1220.38
453 1186.21 1001.36
454 72.9227 1384.72
455 1209.66 1340.73
456 840.171 394.977
457 281.359 536.672
458 88.2894 1502.92
459 1205.44 1415.12
460 579.971 645.549
461 1064.5 971.609
462 1365.73 378.556
463 1375.11 3.8086
464 1482.76 776.906
465 108.824 354.06
466 1334.72 469.129
467 238.012 34.2359
468 524.056 1483.99
469 904.545 1088.08
470 297.997 455.364
471 73.3661 932.986
472 963.682 1486.88
473 844.101 101.292
474 169.869 938.51
475 0.168098 1317.69
476 1038.64 542.486
477 1007.51 593.026
478 951.321 494.877
479 429.711 687.758
480 1215.88 1458.19
481 1277.39 943.139
482 1435.7 653.552
483 394.795 1189.67
484 1109.38 863.435
485 86.6141 574.613
486 1373.88 447.417
487 1138.22 1186.76
488 154.707 928.235
489 846.092 369.844
490 588.7 164.85
491 188.012 1455.75
492 171.938 1235.35
493 608.452 1426.85
494 1109.94 601.431
495 697.435 315.015
496 6.25839 806.663
497 814.005 1316.08
498 18.3144 138.265
499 648.419 335.829
500 10.4237 1241.52
501 535.768 1400.85
502 1042.24 557.244
503 1109.97 212.759
504 434.414 1375.8
505 921.609 1390.9
506 313.228 882.362
507 889.581 770.701
508 401.099 440.711
509 1439.77 1038.84
510 944.966 733.078
511 776.278 284.494
512 140.189 1187.12
513 151.95 752.807
514 1375.69 281.906
515 246.399 1120.03
516 854.251 1339.69
517 505.38 553.736
518 237.034 967.838
519 775.692 1498.68
520 745.474 1163.31
521 1121.52 965.498
522 836.498 1389.95
523 311.619 36.8473
524 1039.12 250.575
525 1485.53 1472.91
526 823.458 134.524
527 1.16664 1404.64
528 1245.67 1057.17
529 1274.23 826.557
530 456.583 402.253
531 391.419 767.174
532 1017.17 1301.12
533 1117.2 28.3636
534 1378.45 1141.59
535 1471.66 364.827
536 76.2648 799.555
537 737.341 1313.95
538 151.866 388.893
539 245.505 1065.92
540 791.584 766.644
541 455.399 529.481
542 87.8536 693.71
543 194.933 68.8148
544 426.677 515.907
545 1380.28 946.475
546 467.54 1135.6
547 849.451 7.24248
548 1372.58 1144.61
549 33.6313 614.743
550 61.8934 342.362
551 476.902 697.434
552 1362.45 71.7467
553 409.571 1101.71
554 535.328 1337.64
555 243.84 774.344
556 12.8758 662.378
557 1136.14 309.035
558 249.915 770.077
559 1169.79 1432.91
560 83.3035 1361.58
561 814.027 1179.83
562 311.376 300.779
563 838.671 722.259
564 1068.58 654.598
565 692.589 545.474
566 1466.48 580.782
567 1428.74 548.634
568 803.175 627.884
569 197.78 538.532
570 690.036 778.317
571 4.24874 302.603
572 1324.5 850.092
573 221.171 551.805
574 533.521 1350.44
575 1374.63 1194.67
576 345.711 1164.92
577 1162.03 604.103
578 1360.1 355.458
579 1096.58 1463.86
580 448.271 1352.01
581 498.891 1374.55
582 520.527 1149.36
583 1232.85 157.874
584 234.613 645.959
585 794.049 997.144
586 561.053 814.685
587 1386.25 1044
588 1055.84 143.159
589 110.776 69.068
590 649.155 1046.5
591 725.078 158.646
592 629.209 1333.76
593 1223.95 1343.4
594 1060.34 910.145
595 1412.64 1048.75
596 488.791 863.548
597 25.6778 450.056
598 1172.84 1475.18
599 360.644 968.148
600 1382.9 68.4479
601 404.443 1490.89
602 119.651 511.523
603 683.186 813.051
604 512.032 676.309
605 829.387 290.234
606 1357.74 1163.28
607 233.459 766.617
608 1085.57 388.061
609 422.626 928.687
610 400.799 40.6317
611 826.868 725.757
612 788.826 41.3123
613 64.2383 478.744
614 389.842 394.875
615 1350.65 582.471
616 86.4719 18.2878
617 508.43 822.525
618 556.176 397.474
619 1030.34 522.752
620 764.418 140.155
621 590.832 367.25
622 780.455 796.469
623 1321.92 1417.13
624 178.184 205.138
625 1433.84 509.083
626 284.81 1061.17
627 1308.96 711.023
628 53.3988 744.964
629 784.958 243.16
630 171.152 1251.07
631 825.696 81.3509
632 1182.95 477.995
633 111.809 814.685
634 680.039 1414.45
635 971.186 1306.49
636 1270.53 1276.12
637 454.815 340
638 718.641 597.629
639 780.069 10.2642
640 1431.42 628.916
641 822.265 1287.47
642 432.369 1379.54
643 32.0425 863.846
644 809.651 315.355
645 1325.91 202.019
646 1255.08 155.863
647 339.423 528.346
648 767.264 1036.51
649 69.3961 73.8984
650 173.392 703.227
651 479.567 273.95
652 699.391 985.276
653 48.9402 28.2425
654 1315.1 1067.81
655 177.827 167.799
656 766.343 214.894
657 1208.84 343.977
658 584.685 963.22
659 33.2319 20.635
660 744.066 288.329
661 811.003 1449.24
662 798.715 1424.12
663 377.991 87.5661
664 1096.97 557.46
665 924.218 188.695
666 292.645 1414.98
667 1471.25 693.083
668 1262.89 336.359
669 0.0961964 950.267
670 755.997 1454.36
671 1239.53 1245
672 942.377 127.505
673 822.972 651.1
674 1130.53 815.117
675 1255.68 550.522
676 583.723 1005.37
677 816.757 665.925
678 114.899 113.581
679 1145.44 414.505
680 1.15704 1125
681 522.535 1103.11
682 971.992 827.388
683 802.436 43.7364
684 280.321 841.685
685 379.757 1280.86
686 201.011 627.074
687 144.642 969.861
688 867.655 1022.35
689 284.548 1149.28
690 443.735 839.748
691 572.565 281.368
692 1235.92 1004.7
693 1012.05 1266.13
694 812.397 71.0491
695 910.488 726.011
696 69.7251 785.764
697 465.322 289.784
698 854.294 433.165
699 1022.87 426.826
700 540.571 182.229
701 842.697 341.477
702 291.119 652.894
703 808.02 869.824
704 47.6056 771.623
705 637.227 65.1656
706 773.741 116.66
707 111.022 321.11
708 651.98 683.77
709 680.811 1013.4
710 1283.23 283.914
711 504.998 1191.27
712 298.626 1005.41
713 1361.34 1205.88
714 13.0452 1178.49
715 886.822 683.12
716 119.216 1247.16
717 321.267 1087.81
718 217.438 1010.71
719 1132.73 1206.26
720 596.652 800.855
721 77.1553 1132.08
722 945.18 1016.11
723 177.371 5.92986
724 333.411 682.789
725 205.892 1008.26
726 527.332 1492.22
727 522.621 908.896
728 881.659 1254.63
729 90.6034 851.96
730 362.648 1427.89
731 806.324 778.685
732 1496.48 335.464
733 182.566 1096.69
734 1291.14 1125.01
735 631.483 215.716
736 974.546 1469.79
737 911.916 6.69377
738 358.376 1313.94
739 1331.12 155.152
740 127.55 224.236
741 39.4351 584.54
742 406.732 1414.15
743 485.025 1380.77
744 179.138 726.514
745 970.188 683.555
746 1310.86 187.137
747 589.802 1043.96
748 676.72 477.965
749 1435.91 642.725
750 384.806 1220.57
751 1067.23 1011.89
752 640.209 1354.02
753 261.781 485.556
754 109.352 704.881
755 1449.37 356.118
756 400.505 703.216
757 1065.21 1002.7
758 16.3918 165.086
759 1137.28 1287.59
760 1038.14 489.365
761 967.909 247.695
762 22.9722 708.264
763 999.792 289.5
764 657.85 312.555
765 358.296 101.037
766 637.491 776.496
767 615.624 348.51
768 1098.13 907.506
769 906.78 994.759
770 1394.95 1141.11
771 879.226 129.278
772 1242.25 537.041
773 1309.09 333.234
774 436.72 254.174
775 1217.54 740.774
776 1196.6 865.652
777 1462.88 708.103
778 1048.24 153.166
779 832.353 495.634
780 711.25 835.684
781 838.126 777.404
782 1356.96 51.4498
783 309.004 997.894
784 704.05 884.364
785 1063.53 1234.96
786 1339.8 359.757
787 201.4 1136.34
788 758.902 362.332
789 812.672 944.133
790 1132.87 261.488
791 504.573 652.71
792 1051.99 982.97
793 120.162 1336.76
794 666.415 1388.09
795 1171.15 521.691
796 878.363 1188.54
797 843.418 627.915
798 1218.32 912.277
799 733.935 1372.58
800 91.6352 8.2283
801 1109.01 683.725
802 1194.33 961.25
803 467.722 386.943
804 1382.48 1188.05
805 920.9 641.76
806 340.871 1337.72
807 1044.5 1072.16
808 235.983 476.999
809 398.284 76.1064
810 1089.68 206.493
811 1255.61 87.5832
812 908.876 204.37
813 545.892 1215.79
814 100.109 531.388
815 1451.53 898.624
816 1197.37 602.465
817 1340.09 1204.72
818 1285.62 1243.35
819 1404.96 200.246
820 920.591 124.509
821 947.781 379.045
822 124.431 384.319
823 400.803 186.143
824 333.607 994.171
825 895.3 722.919
826 519.559 1348.5
827 627.046 175.259
828 1393.5 898.186
829 687.786 553.009
830 1483.09 1091.93
831 1234.83 1308.72
832 1296.15 636.528
833 1218.49 1245.85
834 466.628 154.733
835 96.9284 1331.56
836 384.519 223.762
837 7.02967 434.863
838 453.119 1060.35
839 83.0399 203.651
840 1061.67 970.758
841 1425.65 1059.61
842 988.573 693.831
843 459.583 420.572
844 300.778 1096.6
845 740.901 769.121
846 148.14 1342.79
847 371.426 542.059
848 940.434 480.674
849 65.4385 1007.17
850 868.601 977.363
851 1382.57 851.892
852 143.595 422.171
853 7.72274 1336.33
854 481.046 231.917
855 1004.01 914.352
856 649.828 425.608
857 464.85 956.059
858 1031.12 899.984
859 372.219 1275.9
860 1120.45 174.844
861 1435.4 159.432
862 1263.02 1464.02
863 119.926 690.361
864 973.247 414.861
865 652.81 18.5944
866 939.544 840.833
867 867.114 896.323
868 209.817 1473.24
869 1454.44 1493.72
870 775.814 381.485
871 732.513 770.074
872 462.783 855.595
873 872.434 123.787
874 635.132 651.938
875 800.184 954.837
876 19.3085 1053.3
877 1372.31 355.166
878 1478.92 1218.26
879 1061.1 1357.24
880 1438.06 352.661
881 566.262 879.315
882 1458.66 2.83731
883 431.767 1309.4
884 76.6824 1463.6
885 1069.64 1190.41
886 816.598 811.467
887 366.464 816.179
888 623.352 366.792
889 1035.54 1118.08
890 330.244 163.502
891 1208.59 828.261
892 603.823 1438.65
893 1305.41 1372.18
894 1480.06 606.874
895 135.432 246.992
896 1241.02 783.26
897 327.443 885.157
898 476.231 1300.81
899 1306.51 1196.53
900 738.239 1387.55
901 1010.68 465.516
902 16.7618 19.1914
903 942.699 1488.15
904 1498.5 1346.5
905 147.789 1341.96
906 820.144 997.344
0 153 23.4104
0 263 108.314
0 409 108.049
0 721 9.60969
1 298 46.1171
1 309 39.014
1 528 19.3813
1 692 52.2766
2 68 49.6031
2 398 35.8706
2 491 27.3773
2 868 63.9316
3 151 49.8717
3 307 35.1727
3 363 39.8403
3 578 43.5116
3 773 33.1981
3 786 15.1339
4 542 44.5826
4 754 41.1935
4 863 28.1747
5 239 48.9635
5 336 43.6065
5 537 107.331
5 641 23.3102
6 8 60.3959
6 24 98.5557
6 200 24.7416
6 334 15.379
6 627 52.956
7 434 143.272
7 807 127.351
7 889 39.5337
8 334 73.839
8 338 89.5342
8 410 94.3606
8 775 24.1648
9 318 64.279
9 411 56.1147
9 684 42.5734
10 313 82.3502
10 550 79.5414
10 571 53.046
11 158 92.9451
11 417 59.1019
11 584 82.6756
11 702 65.2165
12 294 21.8734
12 397 37.3672
12 472 50.8139
12 736 20.8325
13 57 97.747
13 561 21.5975
13 796 74.8806
14 256 112.516
14 583 26.4445
14 646 34.7134
14 811 93.2948
15 152 82.3395
15 202 80.2866
15 455 69.1898
15 593 34.8973
15 831 77.5378
16 36 85.5276
16 288 61.1441
16 859 71.2699
17 156 20.1545
17 331 37.6012
17 529 67.6169
17 572 25.3957
18 89 67.7538
18 93 16.9499
18 261 94.3016
18 428 50.1553
18 753 29.7769
18 808 21.1437
19 249 54.6161
19 284 75.2653
19 654 57.4864
20 216 60.3295
20 597 62.8471
20 837 102.799
21 171 103.221
21 302 26.9327
21 386 57.1986
21 832 28.9342
22 34 41.3513
22 145 121.047
22 474 53.0064
22 488 31.8718
23 82 43.0698
23 344 30.3256
23 734 68.7482
23 899 48.4304
24 51 118.673
24 159 49.6244
24 206 115.869
24 627 54.276
25 215 43.169
25 225 53.434
25 440 69.9505
25 681 44.9149
25 838 96.3752
26 166 16.6905
26 289 37.8813
26 807 40.2407
27 110 69.3695
27 461 42.2479
27 521 67.8966
27 751 40.64
27 757 34.0852
28 239 31.908
28 336 58.3539
28 421 35.6061
28 497 26.3032
29 271 21.6125
29 293 88.0885
29 369 37.6738
29 515 46.8665
29 689 26.8328
30 186 119.812
30 425 33.2948
30 562 44.5744
31 323 54.7736
31 454 46.7936
31 560 28.7247
31 793 36.2357
31 835 18.6574
32 349 28.5982
32 424 41.3226
32 703 17.9527
32 867 105.298
33 86 41.2103
33 321 43.4406
33 375 48.0317
33 879 15.0207
34 145 103.529
34 488 70.0261
35 52 14.9547
35 276 59.9757
35 596 12.6801
35 727 73.1777
35 872 53.8514
36 288 48.0601
36 483 92.6441
36 750 33.5272
36 859 58.9699
37 80 53.5033
37 738 54.8164
37 806 33.9754
38 58 195.903
38 144 141.875
38 813 98.3401
39 317 74.7041
39 779 76.0225
39 870 142.114
40 92 81.9233
40 251 78.7816
40 368 64.0633
40 418 63.3095
41 357 54.8863
41 361 72.3588
41 682 74.0687
41 855 61.9033
41 858 48.5942
42 73 122.979
42 543 66.2199
42 655 78.2237
43 192 25.6793
43 815 34.8756
43 828 131.463
44 416 88.924
44 570 70.2418
44 708 145.798
44 766 24.7497
45 97 59.2533
45 149 39.487
45 163 34.5631
45 221 15.5144
45 609 85.882
46 66 112.39
46 469 44.341
46 796 98.7404
47 293 14.7308
47 576 57.1729
47 689 38.0167
48 83 62.9689
48 371 20.3921
48 492 64.8929
48 512 12.8251
49 637 121.767
49 697 79.9153
49 774 74.5418
50 99 18.7625
50 195 19.9713
50 693 47.4415
50 785 44.7402
51 206 26.6837
51 254 68.9267
51 464 78.5277
52 77 46.5712
52 596 6.15626
52 690 91.3345
52 872 43.9771
53 282 70.3218
53 597 61.2779
53 613 36.4858
54 88 15.1255
54 273 93.9524
54 505 47.2771
54 294 67.3497
55 499 24.0621
55 764 50.439
55 767 45.3183
55 888 42.1379
56 117 102.703
56 162 23.0209
56 241 82.8287
56 747 25.3335
57 316 77.574
57 520 93.0943
57 561 81.1813
58 520 61.4463
58 561 137.744
59 94 40.3933
59 504 27.3548
59 580 15.9541
59 642 54.8321
59 743 65.0874
60 271 44.0871
60 433 40.3538
60 515 9.71115
60 733 111.035
60 787 76.2
61 374 73.668
61 665 66.1628
61 672 19.816
61 820 11.5828
62 157 100.029
62 328 146.772
62 407 28.1509
62 427 9.28458
62 600 83.9491
63 115 14.6692
63 135 86.6169
63 315 68.6014
63 700 69.1281
63 854 59.326
64 125 60.2525
64 179 33.5595
64 240 112.025
64 412 52.6991
64 557 53.329
65 177 54.415
65 369 36.7929
65 539 42.9174
65 626 13.2158
65 717 60.4984
65 844 64.3103
66 308 24.0093
66 469 66.9616
66 688 68.1192
67 134 43.0144
67 229 53.1254
67 568 63.1031
67 638 117.063
68 491 48.7315
68 868 57.0368
69 164 70.1163
69 292 15.5016
69 310 28.9464
69 722 18.5785
70 301 69.5049
70 351 77.3402
70 432 54.7661
71 280 66.5192
71 377 36.1098
71 784 68.8377
72 109 52.6844
72 484 80.9113
72 776 76.4902
73 467 82.4478
73 543 103.891
74 472 19.5464
74 736 63.2023
74 903 24.7146
75 190 90.3015
75 498 4.61111
75 758 37.2411
76 339 35.9929
76 341 59.3086
76 460 45.6624
77 385 74.2047
77 596 58.399
77 617 23.4478
78 523 27.262
78 663 76.2029
78 765 63.2876
79 263 102.644
79 512 93.7244
79 716 29.9183
80 414 67.3287
80 806 53.1494
81 465 73.2842
81 538 103.848
81 822 54.0771
81 852 76.049
82 344 53.4018
82 734 64.266
83 371 42.5934
83 512 58.5929
84 260 26.821
84 435 34.0348
84 556 19.5136
84 762 44.0466
85 635 82.7753
85 693 115.966
85 728 123.887
86 375 19.9694
86 413 45.5767
86 879 15.7362
87 395 42.0203
87 519 86.7213
87 661 45.0825
87 662 54.9584
88 273 54.9172
88 505 70.5125
89 569 22.913
89 573 27.9003
90 300 82.9763
90 340 106.218
90 410 45.5797
91 573 71.8686
91 584 43.003
91 686 27.104
92 124 39.0208
92 368 40.0388
92 547 74.8322
93 428 24.096
93 457 86.6845
93 470 68.8704
93 753 14.9937
93 808 33.3934
94 580 37.9929
94 581 70.2379
94 743 49.6666
94 883 76.5911
94 898 51.4839
95 160 58.8502
95 256 30.2654
95 359 72.7309
95 645 30.8549
95 739 62.6495
95 746 18.5864
96 297 8.07078
96 585 44.4814
96 648 27.0192
97 609 96.64
97 857 25.646
98 168 99.3089
98 196 80.9972
98 311 69.7974
98 401 42.4492
99 195 11.9564
99 223 66.0485
99 785 37.8459
100 133 29.7938
100 319 44.7904
100 592 39.8393
101 441 50.0693
101 484 65.104
101 674 41.6917
102 312 62.4369
102 313 46.4272
102 360 16.6191
103 422 23.3202
103 608 30.193
103 699 99.8396
104 120 65.6848
104 361 76.5252
104 866 76.0868
104 867 38.8629
105 382 12.6463
105 398 91.9355
105 405 70.5715
106 238 92.7731
106 306 103.617
106 466 20.7492
106 486 81.2663
107 315 75.733
107 326 111.614
107 691 37.9069
108 675 70.6721
108 772 53.4762
108 795 74.5676
108 816 45.07
109 484 51.3562
109 768 39.9883
110 751 50.9834
110 757 66.0362
111 541 54.6445
111 544 52.5243
111 847 83.3697
112 118 87.1054
112 165 104.252
112 291 113.323
112 525 107.07
112 869 69.8399
112 904 176.349
113 136 30.6453
113 374 63.1505
113 445 93.163
113 588 72.0818
113 778 65.3891
114 227 45.1451
114 482 14.3262
114 640 38.1085
114 667 83.5188
114 749 19.8268
115 135 39.9512
115 854 28.8602
116 340 43.2123
116 494 66.6703
116 577 3.13643
116 816 54.4588
117 590 33.8525
117 709 88.652
118 165 102.345
118 525 33.8385
118 869 54.0722
118 904 128.608
119 131 56.8725
119 247 57.3783
119 400 29.6072
119 761 47.2839
120 329 43.2574
120 424 71.4747
120 886 67.7894
121 214 112.895
121 342 16.3497
121 732 106.776
122 125 67.5686
122 139 53.8741
122 657 28.417
123 383 110.69
123 470 137.108
123 562 153.297
124 368 18.4277
124 547 68.4829
124 737 40.6795
125 179 57.2062
125 557 24.5903
125 790 55.4282
126 296 60.7674
126 426 45.7039
126 636 46.109
127 196 62.2109
127 478 29.2524
127 848 54.8364
128 191 35.3666
128 489 15.9471
128 701 42.2028
129 362 38.2567
129 780 43.7387
129 784 39.6103
130 232 46.4093
130 291 23.494
130 437 37.8367
131 247 35.5254
131 400 102.525
132 245 40.6982
132 348 53.1015
132 487 23.1001
132 719 13.539
133 319 24.4594
133 592 27.033
133 752 28.6609
134 229 23.1236
134 677 55.2622
135 834 85.0246
135 854 47.8445
136 374 18.3649
136 672 87.4603
137 193 41.9558
137 321 42.3562
137 449 15.1079
137 759 96.8131
138 150 26.5222
138 228 45.1588
138 509 20.5453
139 657 74.9095
139 668 39.5305
139 710 42.064
140 143 111.109
140 763 51.3328
140 821 75.6702
141 204 34.4901
141 443 47.5279
141 662 75.8708
141 900 43.059
142 373 106.507
142 493 56.2674
142 892 49.1944
143 240 44.0704
143 608 88.5157
144 319 69.465
144 592 52.0132
144 752 58.7648
145 318 30.7029
146 513 65.6838
146 744 77.0023
146 754 42.7291
146 863 87.0956
147 381 41.2421
147 485 84.4317
147 549 63.837
148 444 53.4955
148 632 93.0642
148 679 49.4228
149 221 35.865
149 690 34.8307
149 872 41.5284
150 228 50.7733
150 509 40.2048
151 265 52.6916
151 786 45.6214
152 202 96.9795
152 459 91.4587
152 862 117.69
153 263 89.824
153 721 9.77171
154 185 13.4189
154 212 24.1069
154 330 53.3065
154 811 82.6811
155 276 72.978
155 658 92.2608
155 727 80.677
155 881 25.3319
156 172 76.7525
156 331 68.2294
156 529 66.2315
156 572 50.4175
157 246 46.481
157 882 48.1044
158 702 27.2563
158 724 50.0262
159 302 64.3126
159 627 25.8628
160 256 39.0443
160 583 96.2319
160 646 71.576
161 181 79.6031
161 281 86.0864
161 540 41.6384
161 563 41.2164
161 611 16.1091
162 590 56.0425
162 658 89.866
162 676 53.9557
162 747 19.693
163 221 16.8598
163 609 42.1952
163 857 94.8876
164 292 41.1324
164 722 56.2903
165 869 67.6428
166 289 72.3616
166 807 24.6656
167 429 100.26
167 553 53.661
167 576 51.3445
167 717 56.7986
168 797 37.7271
168 805 105.247
169 399 114.733
169 535 5.86842
169 732 39.8273
169 755 47.4469
169 880 62.8096
170 174 77.9949
170 203 55.1547
170 564 49.3315
171 386 57.9032
171 832 81.0532
172 529 76.6008
172 896 63.483
173 218 90.1057
173 707 71.5589
173 895 84.8234
174 564 93.8683
174 842 83.9952
175 390 71.3601
175 846 77.5073
175 905 76.5648
176 530 80.8594
176 614 74.1241
176 637 92.109
177 433 45.4417
177 539 3.95311
177 718 104.234
177 725 73.9589
178 336 65.3869
178 516 41.9122
178 728 55.8198
179 412 28.1745
179 557 45.3313
180 264 45.718
180 566 33.1982
180 567 41.4796
180 625 64.4899
180 894 70.4067
181 540 52.3178
181 845 69.0074
182 624 98.1619
182 655 58.1779
182 678 74.8989
182 839 135.532
183 352 115.511
183 526 51.4047
183 873 115.345
184 338 77.9167
184 775 60.1545
184 891 85.5558
184 896 26.9304
185 212 3.39112
185 330 45.7543
185 811 109.432
186 295 86.6009
186 425 55.2885
186 890 133.408
187 347 123.77
187 368 67.0257
187 418 62.2274
187 737 51.9551
188 217 107.574
188 610 15.3489
188 809 70.4094
189 396 30.0962
189 462 75.59
189 880 80.7602
190 498 94.0928
190 589 71.6402
190 649 1.90674
190 653 83.3778
190 678 101.237
191 317 43.892
191 456 48.1765
191 489 37.573
191 788 107.068
191 870 66.5828
192 815 39.9856
192 828 121.937
193 252 31.1857
193 321 30.164
193 449 14.882
194 259 46.2697
194 343 69.2317
194 365 74.2041
194 666 50.2722
195 252 59.2921
195 532 78.7453
195 693 62.9909
196 275 48.0473
196 311 3.72465
196 478 74.0703
196 848 61.9834
197 242 104.24
197 717 61.7602
197 824 77.7623
198 320 110.471
198 388 37.7888
198 591 31.494
198 620 55.5727
199 259 77.4139
199 390 66.7281
199 391 100.455
200 334 34.6739
200 627 72.7198
201 332 35.7269
201 582 67.4132
201 681 86.4016
202 893 27.6543
203 442 57.3324
203 477 74.5292
203 502 40.0312
203 664 102.252
204 670 87.9563
204 799 62.527
204 900 21.0192
205 346 88.3741
205 386 76.6093
205 615 8.76351
206 254 75.0525
207 268 7.20147
207 479 64.1004
207 551 56.1812
207 791 65.6959
208 585 73.353
208 789 27.4089
208 875 2.91936
209 554 48.2654
209 574 44.2244
209 826 81.5784
210 278 47.9526
210 503 87.8736
210 860 62.1408
211 383 61.3711
211 470 84.1546
211 647 78.3412
212 330 79.4179
213 270 57.2797
213 647 42.5876
213 847 32.6799
214 305 75.6785
214 342 104.263
214 514 112.194
214 819 89.5067
215 440 73.5967
215 838 42.608
216 282 56.3223
216 597 44.9238
216 837 4.55359
217 327 122.449
217 610 127.281
218 740 80.3565
218 895 33.3421
219 586 88.1571
219 720 71.1483
219 766 109.575
220 479 78.6347
220 724 61.6539
220 756 66.9196
221 609 64.4174
222 243 68.1593
222 287 137.96
222 314 56.8264
222 389 52.1778
223 452 53.9833
223 759 115.201
223 785 34.5157
224 618 78.6399
224 803 97.519
224 843 109.474
225 241 15.733
225 332 68.3623
225 440 44.81
225 681 54.8162
226 350 31.3943
226 517 67.1525
226 791 113.56
227 254 41.9424
227 667 37.9798
227 777 26.1157
228 267 51.7722
228 509 44.7857
228 830 51.2236
229 394 40.0744
229 677 28.8664
230 540 23.0312
230 622 26.3486
230 731 16.2613
230 781 61.9888
231 289 35.6195
231 757 42.6247
231 792 36.0714
232 291 80.7647
232 296 83.5386
232 437 21.0657
232 623 54.3946
232 893 70.0326
233 373 82.3681
233 431 52.042
233 634 102.89
234 290 54.8006
234 392 45.7328
234 531 45.5966
234 887 76.0595
235 366 64.9464
235 708 66.3036
235 874 98.0421
236 263 55.4969
236 500 84.8557
236 680 68.6126
236 714 18.6579
237 266 7.41908
237 295 117.504
237 823 36.0603
237 836 40.092
237 890 74.1401
238 306 90.4958
238 466 69.6108
238 486 66.1742
239 336 14.5875
239 497 4.25763
239 641 30.2194
240 524 77.2126
240 557 114.281
241 440 41.4494
241 747 66.6802
242 599 32.2529
242 783 64.4807
242 824 33.3976
243 314 27.1769
243 380 62.2038
243 748 19.5973
244 250 106.529
244 320 109.717
244 325 65.8477
244 705 50.3369
245 348 63.9992
245 487 60.8032
245 719 42.6915
246 463 124.705
246 882 2.26944
247 400 80.4225
248 364 72.762
248 769 40.7089
248 850 20.5787
249 284 54.7484
249 654 20.2984
250 325 81.0629
250 705 97.3472
250 865 103.983
251 347 61.1605
251 418 39.0316
252 321 51.4071
252 449 36.0377
252 532 76.0059
253 278 166.334
253 533 93.1294
253 811 88.7437
254 464 133.149
254 777 44.8371
255 447 41.3308
255 659 51.0716
255 902 19.1399
256 646 42.4409
256 746 32.4544
257 373 79.1801
257 634 71.8626
257 794 32.2738
257 799 88.7237
258 379 75.3681
258 380 72.5864
258 856 43.2089
258 888 52.8319
259 343 70.2028
259 666 105.269
260 435 70.1561
260 556 49.3939
260 762 14.3254
261 753 61.6391
261 808 80.084
262 582 45.9435
262 711 30.3941
262 813 83.1759
263 500 135.604
263 680 122.03
263 714 61.6224
263 721 95.7515
264 567 41.9135
264 625 36.7095
265 462 20.6911
265 578 63.2125
265 786 62.0563
266 295 75.341
266 823 37.5855
266 836 80.8688
266 890 75.5371
267 283 38.3098
267 830 62.6555
267 841 34.3289
268 479 64.594
268 551 55.6388
268 791 51.9677
269 506 83.6559
269 609 94.426
269 897 78.5512
270 457 53.5979
270 647 96.9196
271 369 29.3246
271 515 40.2435
271 689 46.2707
272 394 14.4
272 568 21.6193
272 673 17.5841
272 677 28.5469
272 797 69.8623
273 421 46.9984
273 505 54.7164
273 516 68.0231
273 522 54.4639
274 303 50.3568
274 589 43.653
274 616 43.5278
274 800 70.3571
275 311 37.8278
275 401 53.2447
275 779 56.0287
276 596 55.0763
276 727 21.1792
276 881 49.9255
277 485 88.5544
277 569 62.401
277 814 66.1579
278 420 72.1508
278 533 192.053
278 860 74.3806
279 304 3.63633
279 408 15.3049
279 417 62.0799
279 558 4.41384
280 377 15.8736
280 393 71.9852
280 652 121.092
281 563 30.8213
281 611 37.5366
281 715 52.1653
282 312 57.5777
282 597 40.464
282 613 76.998
282 837 53.4954
283 335 57.8894
283 830 24.6116
284 587 27.4664
284 654 91.759
285 442 34.8694
285 476 26.0994
285 502 47.6984
285 619 31.6916
286 299 62.5888
286 335 74.4176
286 415 63.9888
286 770 66.5908
286 878 74.2977
287 517 94.5271
287 829 177.695
288 685 45.273
288 750 95.1607
288 859 20.7786
289 751 29.797
289 757 39.9851
290 531 87.7059
290 887 32.1872
291 437 56.3298
291 904 135.189
292 310 64.4293
292 722 18.6201
293 576 67.0572
293 689 52.7612
294 736 48.1547
294 903 48.0442
295 890 24.917
296 426 15.3395
297 585 41.6331
297 648 25.5448
297 906 78.2008
298 309 39.1712
298 436 30.5796
298 453 34.0099
298 692 60.5961
299 415 28.9696
299 878 95.6502
300 410 94.8294
300 801 84.996
301 353 26.0302
301 432 43.2797
301 601 38.1701
302 346 94.3884
302 386 58.2674
302 832 49.0506
303 616 56.9981
303 723 71.6848
303 800 67.5358
304 408 17.1691
304 417 39.6423
304 555 13.4558
304 558 3.05192
305 819 63.5195
305 861 47.3514
306 466 50.7218
306 675 121.617
307 363 52.2546
307 668 96.0072
307 710 63.6341
307 773 16.3001
308 469 128.098
308 688 33.7077
308 769 67.5284
309 453 44.7969
309 528 90.6721
310 722 25.8396
310 769 23.52
312 360 47.7251
312 837 55.6732
313 360 33.0998
313 550 51.2464
313 571 80.5253
314 380 46.5487
314 384 78.681
314 389 61.7831
314 748 65.1783
314 856 36.8978
315 691 63.6619
315 700 61.6642
316 520 91.3042
316 648 129.802
317 456 57.8582
317 698 78.6477
317 870 84.6871
318 411 62.8329
318 684 93.7628
319 592 32.1229
319 752 9.9505
320 705 73.3356
322 406 66.1496
322 645 37.7913
322 746 53.4195
323 454 27.9061
323 527 150.435
323 560 16.7728
323 853 95.9882
324 403 46.3447
324 456 49.7529
324 698 13.8668
325 705 19.9725
325 865 67.8021
326 499 101.13
326 691 69.9027
326 764 83.1508
327 372 67.9866
327 451 109.467
327 834 54.6214
328 407 102.828
328 427 91.4755
329 424 30.9721
329 886 53.1437
331 572 25.9073
332 681 54.6684
333 463 94.1614
333 552 29.9503
333 600 26.0293
333 782 30.0549
334 627 57.4527
335 830 53.2112
336 497 20.6114
336 641 25.8061
337 545 97.1593
337 828 41.4332
337 851 53.9787
338 441 115.42
338 775 69.8572
339 341 85.2965
339 460 70.8303
339 604 68.8482
339 791 37.4507
340 494 57.8955
340 577 65.9652
340 801 90.298
341 604 63.368
342 732 106.396
343 806 74.2913
344 734 23.6721
345 430 64.2549
345 471 40.8713
345 669 132.791
345 849 58.4924
346 615 67.7491
347 418 71.5406
348 833 83.8408
349 703 32.9616
349 789 50.8502
349 867 46.3273
350 517 46.2243
350 791 119.55
351 414 40.4102
351 504 46.5655
351 642 24.9108
351 742 31.0876
352 591 62.1414
352 620 33.5119
352 656 82.9169
352 706 68.7791
353 432 44.4965
353 601 3.62583
354 490 51.0434
354 735 65.4777
354 827 28.5484
355 376 20.4392
355 448 38.2893
355 501 51.7099
356 455 20.7503
356 593 47.685
356 831 54.8853
357 594 43.2156
357 855 62.5156
357 858 27.2787
358 402 44.7861
358 510 34.5361
358 745 70.9446
358 842 66.466
359 645 50.9116
359 710 64.4676
359 746 83.4418
360 571 94.3063
361 855 78.6785
361 866 108.198
362 393 63.0501
362 784 16.6657
363 514 56.6988
363 578 51.9713
364 688 58.5855
364 850 28.6389
364 906 36.438
365 439 49.9014
365 666 57.2541
366 570 54.1332
366 845 52.4757
366 871 45.4042
367 450 87.6682
367 477 78.8445
367 805 42.4904
368 547 75.6295
368 737 44.1119
369 626 49.1126
369 717 73.1704
369 844 36.5922
370 507 60.8542
370 695 34.5956
370 715 88.5285
370 825 10.8241
371 512 17.675
372 451 49.728
372 823 94.5158
373 493 87.5023
373 634 29.8135
373 794 34.0256
374 672 40.3311
375 413 39.1878
375 579 155.525
375 879 18.9346
376 448 65.1212
376 468 82.3066
376 726 91.2584
377 393 60.0421
377 784 55.9863
378 434 50.1514
378 446 24.9199
378 487 116.046
379 380 79.9355
379 856 68.952
380 748 102.059
380 856 17.1763
381 485 45.5716
381 549 73.7183
381 741 45.6542
382 398 79.4076
382 405 44.0096
382 454 70.5061
383 508 66.6792
383 614 80.3057
384 389 31.0652
384 618 83.7297
384 856 75.9125
385 586 30.7174
385 617 29.4171
386 615 96.4007
386 832 23.4769
387 602 13.5624
387 613 115.733
387 814 49.6823
388 591 17.791
388 620 94.8484
390 846 32.3867
390 905 55.1905
391 492 38.326
391 630 28.9217
392 531 26.8901
392 887 91.6945
393 652 88.1175
393 784 59.1196
394 568 31.0463
394 673 30.084
394 677 27.4098
395 522 67.7109
395 661 23.3296
395 662 23.7526
396 462 86.6362
396 486 44.5478
397 472 34.9846
397 736 32.5991
398 405 37.5268
398 458 122.574
398 884 84.9411
399 535 106.031
399 755 121.823
400 761 48.6928
400 812 86.2693
401 779 58.0244
402 510 24.1778
402 682 151.201
402 695 84.8284
403 698 56.1311
403 821 113.813
404 534 44.2865
404 548 60.858
404 770 63.9873
405 458 139.995
405 884 57.6352
406 739 44.3725
406 819 59.633
407 427 29.6111
407 861 52.8263
408 555 5.22358
408 558 10.8132
408 607 30.258
409 721 122.768
409 849 99.8601
409 876 91.4269
411 506 62.3288
411 684 1.64891
411 897 115.384
412 557 69.0855
412 679 84.5331
413 879 43.5566
414 730 60.8628
414 742 6.51176
415 878 76.6716
416 603 38.4219
416 766 36.1135
417 558 52.7253
419 508 74.1266
419 541 88.9314
419 544 45.7696
420 445 109.414
420 533 103.54
420 588 99.8754
421 516 31.4768
421 522 75.5628
422 608 15.4358
422 679 117.27
423 430 24.9419
423 471 72.5915
423 488 36.9751
423 687 33.4882
424 703 43.6583
424 886 66.8033
425 562 54.0295
426 636 71.8806
427 600 107.995
428 470 38.3089
428 753 18.6136
429 483 52.5868
429 546 96.336
429 553 54.9963
430 471 77.3012
430 687 50.7727
430 849 95.563
431 634 64.8362
431 670 66.343
432 601 33.9273
433 539 45.508
433 733 50.014
434 446 87.085
434 885 66.745
434 889 107.341
435 556 14.3346
436 453 37.7496
436 481 100.047
436 692 27.2419
436 802 59.8055
437 623 102.62
438 665 27.4371
438 771 95.6157
438 812 31.2629
439 666 46.3726
439 730 98.4935
441 674 14.5915
442 450 55.1512
442 476 41.2717
442 477 64.5176
442 502 40.8371
443 537 88.6388
443 799 47.1553
443 900 57.1557
444 632 33.1872
444 679 84.3787
444 795 100.488
445 588 24.2092
445 778 19.2842
446 487 93.8049
447 653 26.6398
447 659 7.08237
447 902 16.7427
448 468 78.5429
448 501 48.5706
448 726 104.887
448 892 67.8983
449 759 76.8615
450 477 49.4569
451 823 33.442
451 834 66.1899
452 785 38.6789
452 885 58.1292
453 802 60.9644
454 527 95.6016
454 560 45.5684
455 593 18.8734
455 831 44.3413
456 489 38.1915
456 698 65.0511
457 573 80.0291
457 753 94.2928
458 884 62.3283
459 480 84.3539
459 559 52.5557
459 598 110.759
460 874 102.458
461 521 112.167
461 757 53.8882
461 792 21.286
461 840 3.8251
462 578 26.64
462 786 35.2981
462 877 30.0993
463 600 110.421
463 782 81.4318
463 882 110.487
464 777 97.3852
465 550 78.6033
465 707 50.5041
465 822 54.2121
467 523 82.9458
467 543 87.4849
467 723 69.7392
468 726 13.4735
470 753 65.2513
471 669 99.4061
472 736 28.2363
472 903 36.6729
473 526 76.7744
473 631 44.1442
473 771 48.7157
473 873 65.4623
474 488 23.9163
474 687 73.6726
475 500 85.3723
475 527 157.29
475 853 39.597
476 502 17.1771
476 619 23.047
476 760 97.4974
478 848 30.176
479 756 49.6607
480 559 87.5052
480 598 65.2218
480 862 63.2454
481 692 110.269
481 798 69.7296
482 640 30.7958
482 749 11.738
483 750 45.5728
484 674 74.9361
484 768 86.4377
485 741 67.5433
485 814 76.8667
487 719 22.9478
489 701 44.3546
490 700 71.0394
490 735 115.404
490 827 77.4388
491 868 49.8453
492 630 27.4436
492 716 94.5082
493 892 12.9149
494 664 61.2895
495 499 99.4601
495 660 77.8748
495 764 43.4167
496 643 77.8026
496 696 124.696
496 704 99.7273
498 758 26.9011
499 764 43.4167
499 767 54.4903
500 714 96.5896
501 581 77.2799
502 664 88.8915
503 790 88.5207
503 810 36.9798
503 860 57.2706
504 580 33.4343
504 642 7.68566
506 684 94.9817
506 897 28.1982
507 695 73.1811
507 825 76.349
508 614 90.4356
508 843 96.3932
509 595 44.9606
509 841 43.5454
510 695 66.0459
510 745 96.3939
510 842 88.5932
511 605 69.0842
511 629 72.3784
511 644 78.6269
511 660 61.7195
513 650 70.0778
513 744 41.8291
514 877 100.824
515 787 62.4963
517 541 56.4347
518 712 82.9479
518 718 50.1392
518 725 100.291
519 661 91.0036
519 670 94.683
521 840 66.5881
523 765 115.545
524 763 91.5884
524 810 69.8343
525 869 46.4616
526 706 104.117
526 873 62.8896
527 853 79.4683
528 692 57.6208
530 803 21.6167
530 843 23.8161
531 756 95.4623
531 887 80.7474
532 635 82.2473
532 693 61.2744
534 548 12.6471
534 606 37.796
534 770 25.3094
535 732 64.6604
535 755 31.6528
535 880 68.1294
536 633 40.2239
536 643 139.644
536 696 23.6676
536 704 63.343
536 729 66.8733
537 799 97.0365
538 822 41.6993
538 852 52.4039
540 622 49.7327
540 731 37.4214
541 544 39.6596
542 754 43.0781
542 863 54.8947
543 723 82.9491
545 815 134.333
545 828 68.6617
546 582 70.8878
546 681 108.396
547 683 59.5173
548 606 26.7702
548 770 26.4799
549 741 44.2232
549 556 51.9611
550 707 59.3496
551 604 46.2542
552 600 40.4285
552 782 26.8793
553 838 64.794
554 574 19.8975
554 826 25.7957
555 558 11.5875
555 607 15.2673
556 762 64.5943
557 790 62.7803
558 607 20.1396
559 579 110.437
559 598 66.1807
560 835 61.1358
561 796 118.526
563 611 23.9806
564 801 99.6408
565 638 81.1982
565 748 76.1611
565 829 13.3068
566 567 98.092
566 894 32.8533
567 625 55.91
568 673 49.249
569 573 34.4485
570 603 36.3171
570 871 45.6462
572 851 116.159
573 686 91.3119
574 826 17.4434
575 606 48.5888
575 713 22.9026
575 804 10.8892
575 817 65.2025
577 816 56.9048
578 786 21.6358
578 877 21.9566
579 598 109.205
580 642 37.8835
580 883 65.4476
580 898 73.927
581 743 22.3155
581 826 56.3636
582 681 53.7647
582 711 89.323
582 813 87.956
583 646 43.2304
584 686 49.0295
585 648 53.546
585 875 81.6959
585 906 35.6779
586 720 59.4784
587 595 48.915
587 841 77.4603
588 778 15.3335
589 649 55.8047
589 678 57.7641
590 709 53.9867
591 620 54.9338
591 656 71.1899
592 752 42.0783
593 831 64.7604
594 768 62.6479
594 858 30.9391
595 841 31.085
596 617 65.3905
596 872 40.2681
597 613 69.0296
597 837 45.8092
599 783 91.021
599 824 74.1293
600 782 45.5966
602 613 107.895
602 814 36.071
603 780 56.338
604 791 49.4185
605 644 59.4369
605 701 75.997
606 804 62.0106
607 744 67.5207
609 857 61.7142
610 663 58.2832
610 809 51.6881
612 639 45.4792
612 683 16.0613
612 694 71.885
616 653 72.7331
616 800 21.6289
618 621 55.8075
619 760 34.6025
619 901 108.444
620 706 42.1654
621 767 57.2392
621 888 37.8424
622 731 55.4656
623 862 141.158
623 893 91.0468
624 655 61.9116
624 740 80.6381
624 895 93.1244
626 712 110.278
626 844 77.685
628 696 73.0354
628 704 37.2879
628 762 86.5431
629 656 46.9497
629 660 80.5178
630 716 98.3066
631 683 64.4651
631 694 22.4056
632 795 79.5991
633 696 94.5973
633 729 59.3943
634 794 43.4139
635 693 76.8426
636 671 69.4853
636 818 64.9064
636 833 88.5248
637 697 64.2258
637 803 88.6919
638 829 67.4365
639 683 75.1905
639 694 84.6452
640 749 23.4005
640 894 100.369
641 728 101.464
642 742 64.4404
643 729 75.2712
644 701 55.3226
644 788 80.4802
645 746 22.6905
647 847 50.4532
649 653 78.7539
650 744 44.3504
650 863 83.6441
651 697 34.1318
651 774 74.7762
651 854 80.0068
652 709 51.6869
653 659 30.0257
653 902 36.5523
657 668 71.9102
658 676 62.3585
659 902 31.9657
661 662 29.2981
663 765 41.9253
663 809 36.6833
665 812 34.2431
667 777 19.3826
668 773 91.6111
669 849 96.2939
671 818 89.8816
671 833 25.4203
672 820 30.6339
673 677 30.886
673 797 30.943
675 772 35.8896
676 747 63.3415
680 714 69.4512
680 876 111.442
682 866 70.2065
683 694 53.6364
685 738 61.9909
685 859 14.4897
690 872 46.2639
695 825 19.9113
696 704 40.631
697 774 56.9536
698 779 106.911
699 864 53.4922
699 901 53.2749
702 724 103.453
705 865 86.1467
708 874 40.4361
711 813 68.662
712 783 16.8909
712 824 47.4482
713 804 31.3543
713 817 36.7213
715 805 83.599
715 825 79.2363
717 844 34.9591
718 725 19.0109
720 766 54.7578
727 881 82.0359
728 796 82.1642
730 742 81.9407
731 781 58.5794
731 886 65.7942
732 755 70.6671
733 787 58.4793
735 827 61.3376
738 806 41.7123
739 746 67.8305
740 839 51.1582
740 895 30.803
745 842 35.4464
748 829 92.3185
751 757 12.7292
753 808 47.6731
754 863 28.8948
755 880 20.7288
757 792 35.5199
757 840 56.7306
758 839 106.728
760 901 67.6306
761 763 70.4867
765 809 59.6873
767 888 32.1115
769 850 45.1273
771 820 57.9838
771 873 16.5748
772 795 111.346
773 786 60.2825
774 854 96.3298
775 896 52.3937
776 798 81.0722
776 891 42.5355
780 784 84.9841
781 886 74.7537
783 824 29.9985
785 885 54.8905
786 877 36.6638
788 870 39.6257
789 875 21.9097
792 840 19.146
793 835 44.9579
793 846 34.2622
793 905 51.7107
798 802 79.4548
799 900 23.0403
803 843 35.5136
807 889 80.4151
810 860 85.585
815 828 113.702
817 899 58.8413
818 899 63.5784
819 861 76.5416
820 873 92.3987
821 864 44.3879
822 852 51.8691
823 836 51.6312
828 851 79.8559
839 895 76.1653
845 871 14.9863
846 905 1.01485
849 876 109.137
855 858 36.9408
864 901 115.992
883 898 47.1488
891 896 103.522
