1810 3397
0 362.533 1599.48
1 1715.5 1350.96
2 347.932 467.482
3 1532.17 1192.94
4 756.691 1280.53
5 1599.86 1547.4
6 1140.28 451.681
7 123.688 208.444
8 104.971 605.879
9 108.21 1676.63
10 639.141 2110.66
11 1321.95 691.029
12 211.12 474.327
13 9.3401 2109.09
14 975.41 1113.22
15 1283.97 179.914
16 1607.35 71.1009
17 928.933 1472.41
18 1129.82 1285.81
19 611.75 930.876
20 1546.31 1763.98
21 1403.76 1452.56
22 1671.92 1014.42
23 1933.81 638.153
24 269.318 310.869
25 1155.12 2121.72
26 1534.46 358.308
27 406.25 1314.8
28 847.553 650.357
29 809.097 2101.64
30 1646.78 855.363
31 1325.41 1196.04
32 1805.01 922.243
33 2003.14 1623.06
34 1000.33 1072.18
35 1648.43 98.2665
36 440.448 2117.94
37 1878.92 1470.35
38 1900.24 653.019
39 2004.63 429.011
40 504.052 1638.82
41 1574.43 1625.76
42 1511.46 1496.67
43 574.845 201.072
44 2.71953 2126.37
45 1082.79 1245.92
46 1341.04 1360.56
47 648.501 1244.17
48 590.086 1912.24
49 1343.6 1467.65
50 1752.15 4.45779
51 221.145 1141.99
52 61.9298 1605.32
53 2092.67 800.126
54 1702.77 437.661
55 498.599 1571.29
56 1327.16 1768.06
57 1806.37 1603.48
58 1654.81 1556.93
59 1563.38 407.898
60 1077.03 1490.59
61 1309.68 1662.96
62 17.8563 995.231
63 52.2472 586.069
64 1176.88 417.966
65 932.661 151.55
66 375.037 1078.4
67 509.509 2117.93
68 907.074 1676
69 1070.06 2114.55
70 46.8109 644.332
71 2106.64 317.094
72 1003.07 265.066
73 1325.56 301.308
74 568.22 2040.83
75 589.72 511.167
76 1296.01 1586.11
77 1506.26 1725.48
78 2009.44 2014.48
79 271.949 1519.39
80 206.103 1290.45
81 891.898 321.672
82 1027.65 644.467
83 33.9504 946.735
84 1586.65 2073.56
85 304.878 1819.79
86 715.6 2023.06
87 1034.24 1518.95
88 1485.36 1551.08
89 1602.8 695.022
90 838.746 0.0676148
91 2075.88 1380.78
92 1786.5 368.517
93 137.717 1896.93
94 1327.24 2083.86
95 1394.49 330.83
96 1205.17 1482.52
97 114.235 1769.38
98 279.918 1102.88
99 1337.39 1818.81
100 189.649 2096.91
101 2074.39 1584.6
102 1660.71 1215.12
103 978.396 1599.61
104 307.313 1538.96
105 1123.03 1181.01
106 1596.63 817.001
107 1964.84 1365.18
108 1714.44 1354.62
109 1244.37 181.006
110 1001.37 1939.42
111 1231.01 1360.31
112 445.408 1632.29
113 2007.46 455.234
114 1124.66 1345.77
115 628.041 472.437
116 1891.26 2123.67
117 1598.87 1203.36
118 1838.45 1187.97
119 855.674 534.32
120 1629.34 382.922
121 503.126 1798.83
122 930.187 1399.73
123 231.82 1068.21
124 749.184 570.463
125 842.69 604.868
126 807.051 578.126
127 879.312 447.706
128 1880.68 1086.24
129 1741.44 1501.09
130 1118.74 650.985
131 917.13 1153.81
132 371.487 1931.97
133 763.295 521.372
134 1329.77 830.732
135 1341.42 1071.52
136 79.0492 1781.03
137 2071.79 1421.71
138 498.071 2004.12
139 1537.85 778.218
140 1845.7 596.006
141 1511.88 1498.27
142 910.308 145.96
143 300.632 1511.46
144 2078.63 1271.33
145 2106.35 253.879
146 87.336 396.3
147 1316.53 1593.49
148 1166.92 307.892
149 1681.02 1983.26
150 645.381 1956.6
151 323.155 2014.02
152 1431.79 391.214
153 1727.8 432.962
154 150.823 872.025
155 967.744 1082.74
156 154.521 17.0529
157 1456.33 1839.75
158 993.256 771.952
159 1920.72 670.773
160 559.054 1882.16
161 996.188 581.876
162 1607.07 1661.25
163 1059.5 911.011
164 163.35 1473.16
165 1942.78 1599.35
166 1059.6 2022.34
167 1079.09 529.718
168 1359.4 616.391
169 793.515 109.23
170 1982.85 514.442
171 116.637 1792.05
172 473.443 1589.05
173 1003.86 359.59
174 108.746 30.2308
175 1045.6 572.039
176 1359.26 1615.97
177 1202.31 624.526
178 614.058 1302.73
179 1607.71 986.681
180 2063.13 114.025
181 1157.69 900.842
182 1392.43 1382.61
183 1603.17 895.541
184 1699.18 632.313
185 766.312 1877.83
186 312.996 1279.24
187 322.233 635.444
188 842.039 1191.37
189 1012.82 1197.87
190 1075.48 50.1153
191 381.699 926.821
192 412.545 18.5597
193 1303.62 767.646
194 27.806 689.376
195 1059.78 1702.49
196 1865.1 1346.15
197 1858.41 356.767
198 385.608 156.243
199 658.443 1455.38
200 1525.03 2122.63
201 322.669 1769.82
202 253.26 1086.48
203 1093.48 761.105
204 1497.67 1328.38
205 866.573 1910.03
206 1634.58 537.754
207 1480.96 839.679
208 1489.9 148.195
209 1796.41 1947.83
210 1395.49 1541.59
211 2072.19 1643.41
212 1609.56 869.71
213 1515.46 1355.98
214 740.991 1183.65
215 417.587 1052.87
216 585.074 1505.19
217 1315.29 2085.04
218 360.178 1745.5
219 652.548 347.21
220 1412.56 813.823
221 256.829 1398.06
222 1971.93 1965.6
223 816.036 1104.37
224 52.9967 2017.06
225 582.024 166.631
226 218.329 1418.2
227 809.542 1644.36
228 1417.06 425.859
229 229.63 159.549
230 93.5864 1775.74
231 433.06 939.206
232 864.924 369.692
233 1338.02 1408.84
234 1203.76 2095.82
235 242.738 2099.99
236 1591.08 757.661
237 1774.57 1483.61
238 2046.08 689.469
239 737.234 1869.77
240 1291.75 934.906
241 240.547 406.905
242 460.061 890.728
243 575.917 662.409
244 16.0077 962.052
245 1221.51 1648.67
246 72.3593 1264.67
247 364.898 1902.82
248 1039.36 1767.76
249 1314.16 865.135
250 433.062 1875.75
251 1375.16 40.8947
252 1070.91 1504.36
253 1731.14 321.536
254 1805.11 1141.79
255 2109.35 400.384
256 290.496 465.372
257 62.5425 1884.17
258 681.97 1004.2
259 1022.33 149.367
260 352.882 1453.42
261 2052.85 907.82
262 1175.92 1263.45
263 100.419 708.907
264 1196.53 1842.15
265 429.431 141.251
266 1932.78 1819.19
267 641.247 1452.36
268 1720.67 930.411
269 1814.07 1119.52
270 910.492 1361.75
271 1989.13 1343.73
272 995.987 1236.16
273 1692.69 1221.28
274 309.929 1285.38
275 338.474 1618.8
276 194.465 1802.95
277 168.371 112.252
278 463.755 1114.34
279 305.656 1573
280 1829.7 968.785
281 1738.56 1215.21
282 2062.69 1859.78
283 664.856 1819.6
284 1265.94 421.948
285 688.406 1716.39
286 1677.63 1505.25
287 927.888 272.188
288 2027.01 1680.11
289 1645.53 428.894
290 515.33 566.594
291 1731.87 41.0918
292 1637.29 1634.24
293 144.788 1467.24
294 453.829 1577.63
295 1787.31 217.938
296 1767.3 514.743
297 722.651 116.302
298 1832.5 1651.26
299 1013 1959.08
300 1539.18 1188.06
301 1436.38 1250.59
302 915.385 663.54
303 1059.74 839.483
304 885.141 511.773
305 956.992 7.7707
306 1651.66 749.808
307 1270.7 1894.59
308 1229.58 639.339
309 1312.2 1585.16
310 432.502 1549.76
311 1553.22 744.673
312 773.365 1280.52
313 956.83 199.583
314 201.875 488.925
315 1034.8 769.542
316 295.442 447.594
317 15.4644 1685.94
318 988.717 1539.45
319 545.217 1956.06
320 538.857 1536.53
321 342.276 1321.18
322 118.382 677.585
323 1650.13 742.005
324 546.712 1102.68
325 1495.47 96.2108
326 354.411 1664.93
327 1174.71 1409.69
328 494.956 910.372
329 871.848 194.507
330 2112.45 231.869
331 782.715 108.364
332 348.392 769.21
333 832.076 1907.45
334 27.0407 1082.49
335 1322.64 2086.11
336 605.265 303.982
337 489.331 327.833
338 1267.02 538.657
339 265.572 1338.21
340 1394.84 1317.22
341 1203.79 2028.06
342 750.402 586.615
343 322.783 238.05
344 2051.77 1565.94
345 1965.74 2066.11
346 33.689 268.033
347 1492.49 1635.36
348 725.893 1008.98
349 1273.92 998.513
350 1917.97 2010.82
351 1794.67 1736.88
352 401.677 985.254
353 1127.15 274.196
354 840.145 340.172
355 2003.18 1637.94
356 527.841 36.497
357 2047.46 39.1835
358 984.543 902.504
359 1784.45 189.492
360 629.491 2086.29
361 1273.01 1840.02
362 1969.74 1317.18
363 1288.67 1796.21
364 2083.06 2094.71
365 1225.2 1450.69
366 1600.4 499.497
367 2119.57 690.737
368 2029.35 2086.43
369 1075.21 837.779
370 1544.22 1721.46
371 1751.13 1368.62
372 114.26 1516.15
373 1709.67 17.7637
374 124.195 1968.04
375 1810.6 10.1985
376 267.456 2011.44
377 2005.18 2008.61
378 1586.72 148.201
379 460.187 1099.69
380 1386.24 1362.31
381 2120.71 1462.66
382 865.117 603.685
383 1057.32 193.775
384 745.453 462.755
385 1523.97 478.305
386 1282.21 1573.51
387 1675.01 49.2361
388 677.824 1823.27
389 1819.23 1600.51
390 1634.7 1664.47
391 948.734 1974.34
392 1094.67 201.601
393 1707.29 841.994
394 1411.79 639.886
395 607.611 694.846
396 1927.92 54.5332
397 1330.66 542.525
398 1319.49 200.318
399 249.876 1978.29
400 582.201 223.46
401 1340.09 435.443
402 1101.13 823.3
403 136.251 583.574
404 1295.35 1785.95
405 165.551 1116.71
406 66.7912 1804.64
407 326.35 2069.06
408 1509.16 875.048
409 616.761 904.812
410 1277.54 1037.5
411 556.03 2122.11
412 241.762 1055.85
413 1255.16 224.241
414 1152.42 1536.38
415 629.961 1507.16
416 79.0412 761.64
417 2065.56 1230.75
418 633.975 936.715
419 1136.6 316.012
420 326.096 1576.92
421 265.409 641.824
422 1877.84 1662.92
423 1336.8 1789.26
424 101.166 1402.81
425 1716.01 174.87
426 900.004 1783.84
427 1576.28 105.605
428 386.56 1788.5
429 256.318 357.015
430 371.972 1407.16
431 1476.84 249.406
432 901.358 349.715
433 1606.5 483.626
434 1507.35 1774.26
435 510.53 284.831
436 1910.64 1079.45
437 417.379 467.492
438 673.88 1912.33
439 1225.39 988.195
440 1471.28 125.423
441 997.726 563.323
442 619.296 1199.71
443 138.416 858.85
444 1063.91 2061.26
445 536.343 2077.9
446 1889.33 1747.62
447 1333.1 1290.6
448 1937.85 475.708
449 1248.59 0.589861
450 1370.16 1631.03
451 569.092 2090.37
452 1482.99 1150.22
453 934.641 1467.91
454 606.82 1750.67
455 1664.93 85.7341
456 732.755 1274.01
457 1901.61 1962.8
458 1489.07 99.2545
459 2109.46 113.087
460 1679.65 1899.33
461 1537.66 1473.49
462 979.849 794.57
463 1372.53 1989.98
464 1143.27 2091.15
465 512.233 2099.67
466 1539.19 1988.15
467 298.858 2043.03
468 54.2545 1848.41
469 1766.51 1528.05
470 1678.37 1201.71
471 474.692 1007.95
472 837.037 1295.68
473 1608.13 650.445
474 1522.04 1810.42
475 172.314 61.8815
476 22.1688 729.796
477 1096.39 273.228
478 919.572 1662.22
479 143.895 2112.4
480 1352.79 639.311
481 635.599 640.765
482 560.446 734.881
483 279.006 825.507
484 2000.77 1522.85
485 1795.76 655.873
486 1161.42 149.659
487 635.202 536.966
488 48.9638 1275.61
489 1581.94 1039.61
490 839.069 1639.93
491 967.106 1070.52
492 1989.31 35.536
493 163.216 265.954
494 378.953 797.327
495 646.269 1218.5
496 1847.82 1334.93
497 1101.44 1398.23
498 987.35 1425.38
499 813.908 1172.49
500 1905.24 471.916
501 771.561 870.794
502 1691.05 238.758
503 1772.13 634.3
504 965.639 763.137
505 1018.5 1908.04
506 1578.84 1725.31
507 742.849 945.506
508 1051.95 904.463
509 1421.48 2097.86
510 464.276 362.318
511 1676.58 907.647
512 932.374 142.954
513 759.142 299.115
514 1541.57 1069.93
515 1927.01 1869.26
516 924.483 215.503
517 1611.35 47.3247
518 1543.21 1356.03
519 1557.38 1855.95
520 594.821 1981.5
521 2044.4 425.22
522 516.861 1539.58
523 1809.64 751.981
524 1873.74 647.543
525 781 1250.97
526 281.718 450.615
527 222.294 1846.38
528 29.0893 877.636
529 1770.49 20.2478
530 44.5718 1729.89
531 153.912 1072.19
532 1101.34 1568.68
533 1525.66 1361.01
534 1462.54 1485.26
535 932.993 1354.17
536 131.746 1714.57
537 996.699 1933.33
538 1301.73 109.637
539 139.36 1221.74
540 964.809 1212.37
541 715.948 1784.26
542 1609.77 1885.01
543 572.152 1085.47
544 786.619 374.627
545 3.27147 516.218
546 913.033 93.5736
547 1533.12 80.2747
548 1357.59 2081.43
549 151.412 1902.69
550 591.1 2052
551 1393.17 1890.19
552 1851.42 988.8
553 303.854 570.845
554 356.344 557.813
555 312.828 1632.49
556 1876.42 1365.31
557 49.5118 1240.49
558 1883.31 1697.66
559 66.0339 992.181
560 359.687 513.955
561 1158.22 865.602
562 1895.41 421.398
563 581.653 2126.04
564 1612.78 1550.07
565 360.466 1868.44
566 1339.5 467.14
567 1826.35 892.994
568 859.986 1757.49
569 1145 359.764
570 566.85 843.542
571 1073.19 244.956
572 1630.47 1616.86
573 793.99 1554.13
574 1470.71 1868.51
575 1389.27 1570.06
576 1060.43 196.914
577 1186.08 15.3704
578 1708.79 2064.29
579 557.086 202.308
580 1320.03 1336.73
581 948.157 2112.99
582 115.318 340.476
583 1692.27 1200.38
584 1730.03 1822.23
585 964.639 880.658
586 456.714 888.488
587 330.934 1658.91
588 1420.91 965.696
589 1639.69 76.1345
590 838.98 716.991
591 955.168 23.4404
592 1391.26 1692
593 1768.87 352.352
594 1975.15 1726.93
595 704.712 1751.14
596 1164.59 1168.83
597 1651.43 100.372
598 885.009 1966.3
599 394.381 530.727
600 1169.26 321.332
601 1416.34 1213.05
602 297.903 1926.32
603 785.077 2125.52
604 1608.88 871.047
605 1641.53 467.123
606 891.622 1865.58
607 1180.68 843.68
608 1634.44 70.8856
609 231.575 78.3535
610 1871.13 359.47
611 1889.59 757.061
612 640.903 174.723
613 1889.57 189.87
614 1399.11 928.776
615 399.979 309.729
616 565.93 754.423
617 1330.95 765.687
618 1324.9 1193.4
619 2030.84 449.605
620 1503.68 1141.61
621 146.025 1699.48
622 307.206 1045.34
623 121.426 808.07
624 600.211 1186.7
625 1153.93 316.67
626 480.906 1111.28
627 363.961 1996.64
628 1124.65 952.483
629 207.747 748.642
630 538.207 1371.36
631 1841.13 1671.94
632 1690.65 1880.24
633 720.11 948.108
634 1711.26 1209.16
635 1664.57 761.029
636 177.568 1684.38
637 926.132 1716.89
638 1490.41 1815.45
639 504.193 11.4237
640 1297.89 2011.03
641 807.473 97.7294
642 1168.41 104.075
643 229.068 302.333
644 121.417 1195.65
645 788.72 1359.94
646 1812.55 91.44
647 1603.59 182.107
648 1496.16 2087.04
649 1907.06 976.636
650 1120.97 1459.52
651 107.708 740.111
652 438.535 228.185
653 1469.26 499.948
654 386.065 1928.08
655 235.808 538.461
656 901.436 2089.51
657 336.848 1290.4
658 1749 6.01339
659 599.254 1312.22
660 634.608 1698.35
661 1191.29 488.685
662 1913.82 994.973
663 1480.95 1393.62
664 1687.53 2033.78
665 1551.7 1462.19
666 911.677 298.202
667 367.737 181.146
668 142.752 1338.62
669 1850.14 512.775
670 288.594 886.449
671 274.314 33.3092
672 2093.94 11.4033
673 2073.88 1021.71
674 1549.48 720.75
675 742.874 520.332
676 2088.33 290.417
677 1722.62 918.477
678 1367.01 571.735
679 221.243 2024.54
680 104.264 1933.42
681 231.833 865.912
682 1681.23 481.368
683 1478.21 1426.27
684 1413.84 1977.24
685 980.963 605.898
686 1280.68 321.845
687 1845.08 2031.83
688 1304.54 971.521
689 1355.44 1010.04
690 180.516 2014.94
691 411.004 1333.78
692 85.0675 1817.71
693 2002.3 638.099
694 1529.99 1612.33
695 1151.29 1779.22
696 1322.39 2001.81
697 191.328 692.767
698 1177.68 699.999
699 1414.32 1185.63
700 805.918 251.365
701 1693.6 1092.66
702 641.133 1381.86
703 1779.37 210.007
704 522.344 194.119
705 1779.38 442.077
706 2122.46 675.55
707 1223.45 1888
708 1556.67 1649.17
709 756.232 1482.99
710 1780.16 1729.99
711 318.583 404.951
712 1991.46 732.42
713 1321.45 581.876
714 231.82 1613.34
715 2090.94 785.347
716 1769.47 575.623
717 158.455 319.838
718 2023.62 944.933
719 1631.32 434.569
720 493.744 1104.38
721 1184.37 894.652
722 980.609 2053.49
723 33.7371 2054.51
724 1960.54 1693.96
725 1221.89 1342.72
726 1832.66 1244.62
727 334.234 1622.24
728 189.566 91.6711
729 339.47 2025.96
730 297.259 767.064
731 1591.11 68.6391
732 626.657 1563.76
733 957.345 1241.71
734 2060.96 1928.36
735 615.261 1453.16
736 1546.11 110.086
737 897.567 1679.92
738 1258.99 1778.21
739 1177.33 1132.25
740 2013.89 2028.24
741 1201.45 725.301
742 1283.18 1075.09
743 1805.97 1350.11
744 1143.97 488.971
745 1024.4 1797.21
746 698.272 2081.86
747 256.496 67.5179
748 1165.05 1259.68
749 1855.11 1005.74
750 1412.66 1680.07
751 864.149 1946
752 837.642 995.226
753 476.758 991.122
754 574.464 553.047
755 1998.7 1773.28
756 718.219 1234.42
757 1810.9 769.955
758 105.286 305.597
759 820.778 1904.23
760 435.451 1023.45
761 1258.92 228.9
762 1792.65 568.672
763 309.311 696.764
764 1155.05 853.788
765 729.989 1025.69
766 1447.64 261.169
767 1240.1 854.199
768 1899.44 743.302
769 1333.6 1555.95
770 1828.63 102.626
771 1837.93 1529.1
772 829.238 2034.36
773 983.097 1327.79
774 183.561 1318.3
775 706.344 164.008
776 1435.03 400.279
777 195.32 1706.7
778 204.726 1827.04
779 2024.09 2101.06
780 302.475 761.467
781 216.547 1972.27
782 231.859 506.41
783 574.212 928.18
784 823.151 1062.2
785 1202.15 989.482
786 885.405 1940.95
787 1990.8 574.818
788 2109.91 390.6
789 861.989 1596.14
790 437.107 266.659
791 653.898 419.159
792 953.912 590.724
793 1326.97 748.039
794 1121.73 464.453
795 279.179 124.663
796 67.3288 1689.65
797 650.253 198.248
798 1611.13 2030.67
799 64.2376 585.249
800 1082.95 1988.78
801 23.4835 1701.38
802 134.369 1348.65
803 362.586 1757.66
804 745.994 22.3944
805 1225.3 826.491
806 932.441 593.965
807 1776.78 454.892
808 653.543 718.742
809 164.242 1853.53
810 2020.17 1094.69
811 397.093 1867.41
812 135.286 1021.69
813 818.994 1012
814 957.612 2127.03
815 485.362 1952.5
816 2107.46 1594.41
817 1272.2 2079.86
818 1257.53 1570.05
819 1446.54 1996.43
820 674.664 1098.99
821 1773.29 1904.92
822 1306.63 516.525
823 407.657 2078.21
824 1480.94 1169.59
825 108.597 162.29
826 909.931 1094.01
827 491.598 437.522
828 2008.21 510.286
829 1164.71 566.487
830 377.104 1772.07
831 408.797 1586.88
832 501.655 1449.67
833 410.105 1643.39
834 919.337 667.541
835 1157.16 2009.82
836 2122.58 44.7732
837 3.20299 743.916
838 722.808 2042.33
839 472.688 1099.48
840 2099.22 811.271
841 1141.82 502.094
842 1857.48 1484.77
843 260.845 953.905
844 1029.47 420.317
845 1414.55 734.991
846 1132.53 1103.57
847 212.023 756.253
848 40.6523 94.0303
849 1337.95 1186.96
850 297.422 772.932
851 2019.14 126.801
852 381.301 102.291
853 892.397 1751.12
854 1424.79 299.927
855 1546.19 1312.1
856 1171.74 1602.04
857 611.348 585.888
858 1828.82 1889.54
859 835.965 1793.73
860 1654.82 944.404
861 811.546 340.491
862 1404.87 350.756
863 832.177 1689.22
864 1588.45 1379.56
865 178.058 1360.32
866 545.327 1770.04
867 951.912 426.879
868 299.084 2051.64
869 1083.51 718.448
870 458.571 306.382
871 1767.17 1603.73
872 1996.32 434.536
873 623.23 559.608
874 598.809 586.001
875 1318.79 218.276
876 1375.04 7.72248
877 363.154 592.359
878 629.008 822.627
879 12.1555 1842.73
880 284.437 1854.33
881 1704.74 2053.38
882 2024.17 1311.22
883 158.901 150.816
884 1916.62 2004.57
885 181.112 1312.32
886 1000.09 611.805
887 1582.49 1226.99
888 553.121 1038.35
889 223.354 1113.67
890 1055.59 1994.17
891 1848.94 270.674
892 2112.29 1148.38
893 1413.09 1243.39
894 2109.42 1290.38
895 19.0102 417.296
896 1192.25 485.008
897 1216.86 1958.54
898 1828.17 414.043
899 961.55 920.082
900 834.049 471.24
901 1640.51 962.929
902 321.552 1295.22
903 675.754 320.074
904 923.755 1699.11
905 632.307 809.729
906 352.543 2003.62
907 754.357 610.775
908 873.518 1159.27
909 1808.34 734.455
910 1317.2 644.718
911 444.694 1239.56
912 1619.92 1824.92
913 860.513 303.491
914 1100.73 208.195
915 2050.75 796.338
916 535.868 155.651
917 1347.84 1732.9
918 299.401 381.53
919 1247.96 478.243
920 172.98 159.48
921 2031.41 1825.61
922 951.481 1325.72
923 1612.44 336.57
924 2109.81 387.162
925 671.841 946.145
926 914.294 1899.69
927 511.582 61.9573
928 1254.88 2078.02
929 131.426 1842.48
930 451.822 2086.91
931 142.807 407.366
932 2014.39 2125.71
933 233.49 864.846
934 489.492 1072.32
935 389.37 1251.01
936 211.218 1242.75
937 232.664 104.71
938 1912.72 470.735
939 610.909 855.411
940 1314.05 742.788
941 1597.5 935.241
942 1063.22 624.296
943 2037.17 1033.93
944 323.649 31.9499
945 1518.28 812.33
946 956.916 986.253
947 888.633 1762.39
948 1266.4 328.719
949 2054.31 2010.7
950 1996.37 1553.23
951 1354.23 174.181
952 2053.25 283.691
953 1610.9 1907.58
954 2049.47 2046.03
955 1913.38 1306.09
956 430.405 43.2009
957 951.225 551.035
958 302.936 826.039
959 437.306 2078.1
960 700.918 850.762
961 672.468 1412.51
962 646.382 180.953
963 1203.25 1629.34
964 1669.52 1253.99
965 2124.76 83.908
966 1373.28 1774.6
967 252.78 1024.15
968 1290.9 1328.62
969 628.911 907.055
970 20.8649 1270.96
971 688.83 416.698
972 103.369 666.356
973 1687.82 295.623
974 1893.28 1655.16
975 281.061 1136.86
976 327.076 529.896
977 206.54 1229.88
978 2069.17 1504.96
979 2002.15 261.585
980 1936.28 1752.37
981 596.29 466.284
982 1089.21 1600.13
983 605.93 2091.08
984 340.115 114.442
985 1109.18 554.083
986 1650.7 1141.56
987 465.897 2113.14
988 2118.98 1849.74
989 1717.72 82.0006
990 1958.57 1140.31
991 485.267 984.964
992 1158.65 1461.63
993 1385.89 575.291
994 2071.11 1252.06
995 1310.35 2125.87
996 304.358 194.346
997 1659.11 446.103
998 1486.42 1680.46
999 503.415 1165.12
1000 229.493 1829.47
1001 320.716 817.049
1002 1978.85 1197.04
1003 1884.06 229.913
1004 1170.23 118.227
1005 1743.82 451.318
1006 98.4883 739.766
1007 1558.63 1021.91
1008 1073.11 580.735
1009 1434.47 1396.85
1010 1655.86 1674.12
1011 488.72 1596.69
1012 268.946 1593.67
1013 887.954 444.377
1014 2121.31 1503.47
1015 1065.94 1879.3
1016 1897.08 2116.96
1017 1720.11 1.1729
1018 1570.29 604.033
1019 495.992 1117.88
1020 1466.88 1715.96
1021 1253.12 564.34
1022 1583.06 95.069
1023 555.994 708.542
1024 1045.8 836.621
1025 1298.98 625.655
1026 523.132 1162.34
1027 522.22 908.109
1028 864.076 343.556
1029 1151.1 917.057
1030 206.31 223.435
1031 1228.46 1265.46
1032 1738.31 2057.03
1033 438.783 1141.16
1034 445.054 968.774
1035 1941.46 507.974
1036 380.404 1938.06
1037 1936.94 1065.32
1038 37.5424 1771.22
1039 1912.85 437.801
1040 1757.23 1608.88
1041 1205.04 1187.4
1042 522.076 1008.79
1043 2030.03 679.195
1044 1296.18 368.19
1045 878.576 1877.91
1046 1060.8 1817.26
1047 882.985 1387.05
1048 1348.69 655.761
1049 318.019 1723.3
1050 1470.04 1865.98
1051 49.2395 1740.13
1052 631.073 2028.49
1053 1756.17 1531.2
1054 2048.08 620.908
1055 1683.74 1080.67
1056 2121.9 926.658
1057 97.0292 1614.99
1058 1926.06 934.39
1059 1823.73 133.167
1060 429.834 67.301
1061 1262.02 106.931
1062 1245.42 1143.21
1063 888.043 1517.34
1064 64.5331 1201.77
1065 512.595 1269.52
1066 509.509 375.928
1067 1007.92 563.117
1068 1733.09 345.362
1069 363.872 1599.01
1070 565.553 580.731
1071 1377.43 1918.85
1072 1978.08 1944.27
1073 38.6475 1937.58
1074 1503.42 945.896
1075 293.153 734.841
1076 508.256 1397.56
1077 1846.51 792.477
1078 652.136 1644.73
1079 1598.14 1064.24
1080 1850.26 1891.74
1081 1996.67 1976.4
1082 256.7 1748.87
1083 320.011 1662.25
1084 1485.83 2122.13
1085 978.775 158.38
1086 554.468 1996.46
1087 435.189 74.363
1088 1469.78 602.761
1089 462.729 1867.08
1090 607.634 460.747
1091 1221.09 1958.64
1092 918.232 1365.6
1093 952.153 844.328
1094 1444.25 455.317
1095 1230.61 783.713
1096 1154.73 538.711
1097 1328 647.09
1098 764.269 396.5
1099 208.748 1417.95
1100 292.014 877.896
1101 934.64 1255.78
1102 322.534 198.454
1103 2070.53 1620.27
1104 761.177 45.476
1105 1035.43 348.775
1106 851.939 558.734
1107 538.657 619.797
1108 274.488 325.247
1109 558.934 500.3
1110 1575.04 524.355
1111 1116.79 1807.23
1112 2080.89 1717.75
1113 344.377 2089.42
1114 1950.24 1670.72
1115 1215.06 1643.94
1116 1305.41 119.519
1117 404.457 799.409
1118 1824.73 444.101
1119 2110.17 1673.28
1120 570.81 766.392
1121 2028.65 819.203
1122 618.602 719.968
1123 1324.64 752.976
1124 1730.42 2013.91
1125 1831.44 19.0042
1126 1136.99 363.765
1127 1945.27 844.566
1128 1873.64 148.955
1129 1267.33 233.558
1130 292.213 1705.48
1131 285.351 1816.59
1132 458.14 1275.05
1133 877.77 114.207
1134 2086.27 1444.08
1135 1709.68 61.6881
1136 148.747 275.764
1137 1268.04 1515.18
1138 292.206 290.451
1139 146.847 1958.15
1140 221.995 1823.52
1141 522.511 435.34
1142 2053.88 1305.17
1143 1408.81 1844.14
1144 1202.88 1123.94
1145 1188.25 547.891
1146 879.484 1826.96
1147 152.549 1988.14
1148 1814.62 902.881
1149 817.194 357.442
1150 1969.5 178.587
1151 1873.64 913.18
1152 2113.97 63.005
1153 193.444 231.627
1154 554.029 1065.82
1155 1923.83 1310.2
1156 262.458 129.291
1157 628.757 1122.21
1158 660.838 970.295
1159 556.359 1083.87
1160 1832.12 236.793
1161 1869.8 33.8212
1162 1142.55 1654.34
1163 234.822 1986.23
1164 1327.45 1241.82
1165 1033.35 1788.55
1166 1233.07 862.427
1167 1473.76 1972.59
1168 2054.66 278.007
1169 163.388 1960.8
1170 744.716 115.963
1171 740.902 1577.51
1172 1800.84 775.097
1173 1124.81 877.189
1174 587.562 1407.64
1175 1376.5 1898.35
1176 1340.9 2059.98
1177 1215.6 1892.94
1178 1182.86 1852.42
1179 1084.63 1815.7
1180 1047.03 222.513
1181 1458.85 1817.67
1182 1706.94 835.952
1183 773.788 1756.3
1184 1057.73 1071.12
1185 1648.89 59.7513
1186 464.749 198.899
1187 1271.71 452.717
1188 2017.03 1915.16
1189 340.895 1553.88
1190 366.663 830.415
1191 1474.19 576.184
1192 164.306 345.281
1193 480.856 661.496
1194 1232.08 1781.58
1195 1282.27 1010.33
1196 2037.01 1427.85
1197 1645.11 1319.05
1198 1142.61 1683.95
1199 431.159 823.246
1200 1077.89 1616
1201 1638.17 1792.65
1202 862.476 1329.4
1203 113.766 89.151
1204 912.258 1717.9
1205 2026.96 235.291
1206 2109.9 1159.43
1207 1109.4 2001.1
1208 1636.79 732.38
1209 1892.25 135.129
1210 911.939 1260.67
1211 2012.58 1973.49
1212 1126.83 106.63
1213 561.215 1397.39
1214 1281.8 1001.52
1215 1223.19 171.859
1216 1899.77 1187.38
1217 1247.56 1145.67
1218 789.34 1548.65
1219 243.869 250.557
1220 1726.45 1995.87
1221 1459.24 600.923
1222 949.746 1771.86
1223 1294.03 805.774
1224 834.422 1921.34
1225 825.41 1021.47
1226 612.426 543.158
1227 1375.44 1945.05
1228 1887.63 1885.53
1229 283.335 1199.35
1230 1483.24 1290.74
1231 1365.01 644.989
1232 1709.1 1234.66
1233 68.363 67.4148
1234 1927.21 1545.14
1235 667.272 519.847
1236 1609.77 1677.5
1237 581.602 2061.35
1238 1120.19 445.792
1239 559.198 276.659
1240 679.324 1090.03
1241 444.822 1550.71
1242 39.2393 1110.88
1243 975.018 1749.93
1244 1001.38 1465.53
1245 1844.07 1359.21
1246 30.5081 1627.62
1247 1377.42 1062.18
1248 1562.54 1475.82
1249 426.301 1987.25
1250 621.137 965.008
1251 2012.34 730.449
1252 302.823 2028.73
1253 1824.48 287.415
1254 1580.7 324.384
1255 136.602 1795.02
1256 646.002 1467.93
1257 553.669 1658.69
1258 1227.63 373.776
1259 576.532 127.488
1260 1621.36 1559.97
1261 1229.85 1930.7
1262 2067.62 546.591
1263 564.755 1303.2
1264 1551.5 65.2706
1265 2049.36 1578.39
1266 128.642 636.122
1267 1478.71 679.855
1268 1266.09 1357.19
1269 1459.67 714.45
1270 26.3441 3.38055
1271 294.683 162.585
1272 1991.44 505.201
1273 968.33 1595.31
1274 516.963 1748.35
1275 1847.85 197.162
1276 1625.52 1777.46
1277 2067.37 1284.51
1278 264.288 558.813
1279 60.524 1011.44
1280 1036.26 1383.34
1281 879.716 991.088
1282 415.404 1663.44
1283 290.575 1823.42
1284 381.955 75.126
1285 487.615 1508.09
1286 1105.96 340.278
1287 269.147 1476.13
1288 1430.08 1795.7
1289 1345 627.325
1290 1324.53 1250.35
1291 40.9886 1961.16
1292 1440.9 1271.18
1293 479.603 160.623
1294 1013.14 477.417
1295 1758.2 649.123
1296 814.933 1705.16
1297 1111.29 163.6
1298 2050.67 1489.2
1299 1011.53 1594.8
1300 599.013 2077.38
1301 1539.79 1608.93
1302 956.168 1274.39
1303 1495.08 1641.95
1304 1549.88 864.054
1305 716.44 272.916
1306 233.886 1766.2
1307 2009.55 1651.23
1308 114.163 137.149
1309 726.59 1607.57
1310 722.088 1087.91
1311 996.17 2120.36
1312 197.254 1363.6
1313 920.807 1852.69
1314 1142.77 1555.09
1315 1020.41 718.17
1316 431.232 1642.65
1317 25.5557 1426.46
1318 953.578 1164.85
1319 1966.7 777.173
1320 1027.46 99.9079
1321 1646.55 647.209
1322 321.593 1454.83
1323 1716.61 1279.72
1324 204.542 1372.14
1325 2064.61 1233.33
1326 410.25 1620.74
1327 811.586 566.346
1328 955.051 991.526
1329 591.077 1396.22
1330 556.442 1964.51
1331 1328.9 229.997
1332 803.199 517.934
1333 1773.01 533.122
1334 1168.78 725.095
1335 1272.24 1583.98
1336 1689.44 669.224
1337 399.742 2085.67
1338 598.182 1861.5
1339 1389.89 815.988
1340 531.336 1071.11
1341 2054.06 1315.85
1342 1935.6 1245.32
1343 1862.12 1469.13
1344 134.997 1049.09
1345 1662.49 1235.32
1346 2019.45 650.638
1347 593.951 1256.56
1348 1818.72 2017.97
1349 1134.45 1133.49
1350 69.0358 825.782
1351 1366.38 1140.09
1352 1964.84 135.098
1353 803.164 744.086
1354 1855.32 513.221
1355 1545.14 655.646
1356 1645.62 429.342
1357 1597.66 1177.46
1358 1954.19 1645.49
1359 350.849 1419.98
1360 747.647 72.8402
1361 269.431 205.252
1362 935.111 1812.48
1363 1939.69 743.086
1364 920.771 506.555
1365 293.939 1781.36
1366 1782.53 612.59
1367 2074.24 1168.9
1368 395.109 517.263
1369 1349.83 1053.4
1370 1939.68 2080.46
1371 367.911 133.265
1372 1648.78 1742.15
1373 250.262 1600.11
1374 1236.27 2035.39
1375 1422.32 1463.95
1376 1341.18 563.076
1377 18.8154 1367.42
1378 1870.76 173.36
1379 1593.08 733.968
1380 1969.19 1970.04
1381 831.581 1158.79
1382 1513.32 250.925
1383 1938.9 1214.77
1384 1400.17 1969.35
1385 1372.16 874.336
1386 1019.53 511.49
1387 1033.26 683.089
1388 86.2738 937.436
1389 1402.24 834.721
1390 1712.7 1709.87
1391 613.344 799.42
1392 222.621 1815.94
1393 1477.76 1387.77
1394 2027.18 1798.33
1395 610.28 1115.85
1396 1629.43 664.705
1397 129.767 267.312
1398 797.278 1958.88
1399 1564.5 642.512
1400 358.342 910.955
1401 2046.99 103.707
1402 1950.72 902.884
1403 864.091 296.147
1404 1923.67 703.857
1405 1518.82 1156.62
1406 253.732 1233.13
1407 0.76624 1460.56
1408 972.63 2086.02
1409 563.25 216.311
1410 1539.45 1218.17
1411 1082.59 361.824
1412 434.272 629.797
1413 780.402 1972.56
1414 1314.29 1739.25
1415 956 1214.76
1416 710.605 2035.8
1417 115.15 284.875
1418 1899.22 1088.21
1419 979.151 1709.35
1420 675.673 1169.8
1421 1920.83 1179.15
1422 684.064 203.648
1423 1450.48 40.221
1424 1257.01 938.8
1425 1639.32 472.18
1426 1380.32 1945.37
1427 243.77 1646.23
1428 2056.08 124.482
1429 1804.51 40.5933
1430 154.453 1444.47
1431 1100.71 1895.8
1432 1300.43 1674.21
1433 1532.92 1377.86
1434 77.9279 1253.95
1435 495.768 1762.17
1436 1425.35 543.418
1437 54.5726 1961.65
1438 1771.8 877.098
1439 1322.62 1060.39
1440 1015.82 2003.83
1441 1126.37 60.7661
1442 90.6864 780.498
1443 199.149 2115.59
1444 117.496 1158.83
1445 498.719 461.932
1446 1986.15 1790.26
1447 372.869 1987.29
1448 496.964 333.278
1449 1619.59 1695.24
1450 1574.73 1967.55
1451 356.057 1003.8
1452 114.855 2097.27
1453 1882.51 644.442
1454 1994.65 124.376
1455 1077.16 1771.36
1456 551.147 1678.74
1457 1672.12 956.664
1458 646.307 715.772
1459 1234.93 339.152
1460 1827.96 1059.14
1461 786.946 1998.64
1462 1614.64 2017.15
1463 1110.76 992.314
1464 2090.69 1277.99
1465 1354.69 1910.54
1466 938.393 1421.96
1467 1786.21 2095.51
1468 1679.95 1413.38
1469 1924.22 668.139
1470 1567.61 1328.13
1471 328.692 870.632
1472 626.981 1305.88
1473 534.887 163.134
1474 573.997 1268.09
1475 623.379 306.721
1476 1503.25 797.386
1477 2028.49 1763.36
1478 1613.8 1176.61
1479 1033.52 742.009
1480 301.104 284.316
1481 185.25 1145.74
1482 1704.91 943.808
1483 1082.47 681.953
1484 993.149 973.871
1485 1021.31 893.196
1486 683.973 670.887
1487 44.7786 1739.73
1488 1209.08 1193.95
1489 294.495 307.806
1490 1487.53 1150.35
1491 312.531 1357.21
1492 1430.73 813.249
1493 1988.79 1566.24
1494 1799.43 2060.6
1495 1405.87 1907.3
1496 1356.67 787.167
1497 690.235 238.461
1498 398.145 380.984
1499 2093.43 778.363
1500 978.922 430.916
1501 369.76 1181.9
1502 1489.65 551.792
1503 933.269 2080.26
1504 247.999 1153.19
1505 1097.4 73.9859
1506 1210.8 422.684
1507 1964.32 687.625
1508 1560 1859.79
1509 1348.39 1989.43
1510 966.225 1521.51
1511 1387.58 1662.69
1512 1184.64 822.364
1513 563.007 144.054
1514 469.963 709.12
1515 1328.36 1053.95
1516 257.019 1087.65
1517 349.73 168.249
1518 806.68 1582.63
1519 1550.04 107.432
1520 1817.43 1884.35
1521 2114.01 1387.27
1522 62.0594 1401.18
1523 1875.18 728.086
1524 1580.99 1860.23
1525 593.542 1132.99
1526 490.913 1022.22
1527 1037.98 868.171
1528 1729.52 1773.24
1529 220.717 2108.46
1530 868.195 220.127
1531 1573.26 658.618
1532 1379.72 102.423
1533 702.246 1508.31
1534 1388.51 1332.85
1535 1162.1 820.869
1536 1205.15 140.649
1537 1273.23 2068.55
1538 1696.41 1869.32
1539 1345.81 2082.06
1540 1282.83 478.973
1541 136.852 1121.88
1542 483.938 112.01
1543 2075.84 753.278
1544 1597.53 442.17
1545 472.087 462.569
1546 1654.39 473.431
1547 760.102 345.893
1548 1327.33 109.483
1549 2117.53 955.499
1550 524.835 1030.8
1551 1489.41 261.759
1552 1385.5 611.361
1553 927.967 146.939
1554 177.053 1879.54
1555 1107.79 1493.85
1556 308.74 1960.14
1557 1422.15 59.9558
1558 784.044 1729.56
1559 979.494 1324.1
1560 1156.63 580.367
1561 2008.97 1501.57
1562 774.099 1736.53
1563 1784.2 444.808
1564 236.792 451.966
1565 1205.04 184.718
1566 220.758 765.118
1567 753.531 1735.8
1568 1116.54 752.951
1569 658.237 982.287
1570 463.514 1779.46
1571 1301.33 583.439
1572 1986.18 1573.84
1573 1.01751 1442.74
1574 1771.99 939.135
1575 75.6626 1532.93
1576 847.983 927.616
1577 1766.64 786.059
1578 1386.43 1001.61
1579 1727.85 741.244
1580 1209.36 713.63
1581 1393.6 2071.58
1582 1843.5 1989.67
1583 1482.59 10.3914
1584 403.858 1637.9
1585 1849.44 308.047
1586 123.741 1647.2
1587 26.476 864.39
1588 674.116 44.9082
1589 51.3413 1201.97
1590 406.382 1139.92
1591 772.734 1442.66
1592 1374.77 380.125
1593 525.391 684.867
1594 608.762 2109
1595 522.924 1329.21
1596 918.568 277.209
1597 1184.03 1377.61
1598 1675.36 990.198
1599 848.282 1869.09
1600 820.258 1301.89
1601 296.713 1.52889
1602 199.061 1054.5
1603 426.436 1118.44
1604 360.317 948.762
1605 433.669 247.999
1606 1190 2091.87
1607 1740.04 681.752
1608 682.061 1734.88
1609 2093.7 1575.74
1610 527.953 1506.36
1611 2009.61 1759.47
1612 1722.24 274.216
1613 2098.45 658.777
1614 542.759 1349.98
1615 1876.94 218.456
1616 181.74 327.889
1617 811.961 999.903
1618 1354.28 1306.33
1619 557.59 1418.24
1620 1435.7 181.337
1621 1022.62 2048.63
1622 869.221 123.833
1623 1873.9 1998.45
1624 2088.39 1976.43
1625 1870.91 96.0976
1626 1471.85 856.432
1627 1799.26 892.778
1628 126.142 1595.63
1629 821.59 401.108
1630 7.69077 976.304
1631 527.652 910.689
1632 1273.39 1142.9
1633 1587.21 374.314
1634 1193.91 1586.3
1635 802.572 258.024
1636 1371.11 976.137
1637 838.773 1137.19
1638 1850.71 429.883
1639 1539.96 2040.82
1640 1067.95 802.559
1641 105.072 412.809
1642 889.243 854.443
1643 607.295 672.696
1644 853.738 778.493
1645 1961.32 1473.13
1646 2063.43 1378.81
1647 687.201 1050.22
1648 1782.86 438.043
1649 996.078 1617.37
1650 864.13 954.54
1651 388.519 1976.39
1652 379.51 1193.21
1653 1851.79 2098.85
1654 933.277 891.78
1655 332.136 845.567
1656 1573.73 1843.13
1657 266.797 1793.45
1658 18.3318 1526.98
1659 1995.54 36.9986
1660 16.173 1011.32
1661 11.3415 65.8237
1662 1841.3 89.6309
1663 1466.51 162.068
1664 542.83 1040.35
1665 1581.25 1105.02
1666 1525.31 895.899
1667 2046.36 1016.64
1668 1766.22 1321.37
1669 1638.33 682.198
1670 2057.41 526.204
1671 49.041 1346.56
1672 218.699 749.195
1673 584.172 61.0899
1674 563.726 1385.25
1675 732.409 442.594
1676 1939.74 2121.7
1677 1218.44 870.304
1678 1686.58 498.909
1679 1393.85 1081.99
1680 928.922 329.419
1681 413.232 22.3097
1682 465.186 1615.85
1683 1086.45 1229.79
1684 651.181 568.604
1685 2063.2 1778.8
1686 917.75 809.192
1687 1893.52 372.169
1688 26.274 666.024
1689 2077.73 153.636
1690 1330.36 249.16
1691 1125.34 651.051
1692 1643.49 686.276
1693 269.23 1991.4
1694 291.041 2001.54
1695 565.663 184.642
1696 1674.37 583.569
1697 2126.4 984.048
1698 656.23 12.4095
1699 1785.4 2082.64
1700 577.784 88.4588
1701 32.6276 1145.2
1702 863.207 1465.6
1703 152.346 1884.29
1704 2022.07 1998.24
1705 1187.22 234.259
1706 1869.67 168.726
1707 1317.85 598.504
1708 1665.35 228.941
1709 1402.34 717.321
1710 2026.78 1792.31
1711 1777.66 607.838
1712 801.364 1851.5
1713 226.285 1388.84
1714 880.645 33.3843
1715 1928 331.662
1716 1857.66 942.087
1717 1135.33 658.017
1718 1842.59 334.473
1719 397.969 477.032
1720 1426.2 1170.23
1721 599.106 1785.9
1722 613.489 1964.99
1723 448.08 89.2743
1724 1172.28 1792.27
1725 1939.91 131.334
1726 1529.96 2011.28
1727 528.737 360.834
1728 218.68 1981.49
1729 1340.1 1178.46
1730 249.688 1184.06
1731 1200.1 768.763
1732 505.362 622.716
1733 282.256 724.548
1734 285.211 1087.27
1735 504.354 1504.45
1736 1464.9 1977.16
1737 99.987 1666.47
1738 84.2468 1638.39
1739 164.197 891.364
1740 2021.97 479.972
1741 193.203 1066.32
1742 2079.76 618.31
1743 1488.31 1546.23
1744 871.928 1129.17
1745 1645.88 784.041
1746 1697.2 865.097
1747 873.904 82.0137
1748 1959.41 1653.4
1749 13.6872 1754.72
1750 1762.69 1093.35
1751 802.381 1976.79
1752 1412.43 1420.4
1753 1737.63 2077.89
1754 2053.99 1946.52
1755 1728.99 395.075
1756 1.8405 1302.97
1757 375.685 1413.12
1758 611.532 1845.24
1759 1944.71 1773.64
1760 1314.99 1998.27
1761 1771.92 814.304
1762 1093.92 1926.08
1763 2005.62 829.581
1764 317.114 501.425
1765 1201.2 1553.61
1766 167.513 1636.07
1767 1066.92 896.562
1768 1014.36 1409.77
1769 318.61 2060.37
1770 1542.26 560.86
1771 1571.3 1091.57
1772 974.954 1330.77
1773 16.8307 2026.3
1774 1067.27 990.436
1775 2059.25 1387.28
1776 1573.62 16.7655
1777 125.733 1264.99
1778 584.746 102.99
1779 1287.54 562.838
1780 1991.43 1137.54
1781 1727.94 1934.13
1782 966.607 1071.61
1783 1460.37 1870.32
1784 1265.7 1475.98
1785 1781.82 28.1962
1786 1385.25 947.522
1787 1227.18 1896.06
1788 1891.29 1778.39
1789 591.43 545.68
1790 2068.52 672.991
1791 723.026 1029.63
1792 480.44 2098.58
1793 1683.77 1570.8
1794 1794.38 29.783
1795 829.008 164.354
1796 562.053 100.256
1797 1460.62 320.136
1798 1197.98 454.509
1799 2062.19 830.365
1800 857.98 1996.96
1801 1913.33 29.8563
1802 457.301 127.573
1803 1940.04 1439.53
1804 951.381 77.2745
1805 1588.21 126.583
1806 1536.85 238.137
1807 2050.49 1841.85
1808 1520 1873.75
1809 902.616 448.131
0 275 51.2428
0 727 60.3087
0 1069 2.60735
0 420 42.8539
1 108 6.57507
1 371 56.2513
1 1197 130.115
1 1468 121.175
1 1668 79.3171
2 560 59.7213
2 1719 51.7591
2 1764 71.3352
3 300 13.6282
3 1405 75.3403
3 1410 38.9949
4 312 31.7193
4 456 47.0475
4 525 57.8413
4 756 74.4245
5 58 69.6763
5 564 16.3403
5 1260 28.8327
6 64 78.5751
6 744 51.826
6 794 22.979
6 1238 21.5093
7 825 78.1668
7 883 100.682
7 1397 116.1
8 63 94.4957
8 403 65.2405
8 799 71.7183
8 1266 69.5923
9 536 65.6848
9 621 85.2641
9 796 65.9553
9 1586 55.1676
9 1737 15.2075
10 360 34.1461
10 983 41.2504
10 1594 60.6566
11 910 88.898
11 1048 59.2821
11 1097 54.4545
12 314 20.4033
12 782 69.3092
12 1564 47.66
13 44 28.693
13 723 82.3422
13 1773 126.783
14 155 37.7419
14 491 58.2904
14 1782 45.2059
15 109 53.4443
15 398 56.6441
15 875 56.456
16 517 43.1924
16 608 52.0243
16 731 16.6548
17 453 10.5311
17 1063 87.0703
17 1466 64.9376
17 1510 112.456
17 1702 81.0712
18 45 67.0221
18 114 117.765
18 262 54.2955
18 748 67.2253
18 1683 107.594
19 409 44.6001
19 418 42.9829
19 783 74.5239
19 969 47.2014
19 1250 67.1256
20 370 49.5567
20 434 54.4777
20 474 67.6548
20 506 99.9911
21 49 97.8779
21 1375 21.8879
21 1752 55.2752
22 901 77.1234
22 1055 84.4876
22 1457 96.5211
22 1598 41.4689
23 38 37.8475
23 159 43.685
23 1469 31.7532
24 429 78.4287
24 643 51.4932
24 1108 25.8326
24 1138 55.0858
24 1480 81.4606
24 1489 40.3443
25 234 78.131
25 464 58.4153
25 1606 54.3568
26 59 69.8123
26 1254 83.2118
26 1633 77.2896
27 321 101.58
27 691 29.0616
27 1132 69.1167
28 125 55.6372
28 302 69.6954
28 382 90.699
28 590 90.3172
28 834 112.366
28 1353 202.417
29 603 46.6599
29 656 116.787
29 772 124.366
30 212 58.619
30 393 76.2808
30 604 55.1659
30 1182 84.9761
30 1746 55.3429
31 618 3.83692
31 849 24.5512
31 1164 63.7442
31 1290 89.5252
31 1729 33.8327
32 567 64.1424
32 1148 33.6869
32 1438 65.1649
32 1574 64.6812
32 1627 38.0844
33 355 28.7
33 1307 43.5452
33 1572 54.4473
34 155 41.1499
34 491 53.3846
34 1184 99.2965
34 1782 59.3695
35 455 24.6439
35 589 36.0704
35 597 5.03726
36 930 56.6834
36 959 51.5314
36 987 37.7319
36 1337 99.1081
37 842 31.0658
37 1343 27.2837
37 1803 116.105
38 159 42.0701
38 524 49.641
38 1453 23.3354
38 1469 36.3079
39 113 43.3909
39 521 45.0178
39 619 39.4935
39 872 15.4486
40 1011 65.0325
40 1257 76.5161
40 1456 91.9902
40 1682 63.8608
41 694 56.4519
41 708 33.6829
41 1301 72.7714
42 88 99.9517
42 141 2.26987
42 461 45.5274
42 534 83.0796
42 665 67.2609
42 1248 71.9017
42 1743 80.0127
43 225 50.6717
43 400 36.4996
43 579 20.5435
43 1409 34.5417
43 1695 19.2988
44 723 103.465
44 1773 189.356
45 105 121.219
45 1683 19.1125
46 233 62.2256
46 380 86.1919
46 580 60.9666
47 442 55.0743
47 495 31.0893
47 1347 105.602
48 160 53.4959
48 1338 77.2415
48 1722 99.789
49 233 77.0463
49 1784 97.7484
50 529 41.526
50 658 4.40135
50 1017 39.1051
51 889 52.4787
51 1481 66.4784
51 1504 51.9158
52 1057 67.9803
52 1246 61.048
52 1575 80.5266
52 1738 47.9372
53 715 16.4355
53 840 24.5233
53 1499 37.708
53 1543 50.4007
54 153 29.7044
54 997 46.6257
54 1005 73.9676
54 1755 54.0463
55 172 58.1187
55 522 42.9371
55 1011 52.7321
56 99 71.0339
56 404 38.7179
56 423 42.359
56 917 49.1626
56 966 71.1976
56 1414 47.9686
57 389 19.8316
57 871 50.1321
57 1040 92.4685
58 286 57.1884
58 564 65.6295
58 1260 36.2487
58 1793 62.4426
59 1544 77.2952
59 1633 63.0308
60 87 75.4073
60 252 20.7354
60 650 104.785
60 1555 44.1
61 176 83.4807
61 450 96.4638
61 1432 25.9253
62 83 63.0554
62 244 60.4728
62 559 71.1353
62 1279 52.3482
62 1630 22.1598
62 1660 16.9301
63 70 70.8656
63 545 152.735
63 799 23.7849
64 1506 48.6022
64 1798 46.0077
65 142 43.1282
65 313 64.175
65 512 9.05616
65 1085 70.3065
65 1553 11.3905
66 215 72.9843
66 1590 124.951
66 1603 74.5486
67 411 55.1848
67 445 67.0155
67 465 18.5235
67 987 73.1649
67 1792 57.4716
68 478 28.5617
68 637 59.1818
68 737 10.4087
68 904 44.9902
69 444 77.5868
69 464 122.68
69 1311 110.197
70 194 74.3513
70 799 113.724
70 1688 37.3375
71 145 87.6255
71 676 50.3968
71 788 123.053
71 924 80.5293
71 952 72.0519
72 287 105.216
72 571 142.353
72 1180 85.8962
73 686 83.4929
73 948 75.1236
73 1690 65.6741
74 550 29.4961
74 1086 72.685
74 1237 46.4085
75 115 72.3565
75 981 87.8259
75 1090 81.0888
75 1109 53.7489
75 1226 62.4571
75 1789 39.5991
76 147 22.7505
76 309 18.6613
76 386 22.7375
76 769 56.3582
76 818 61.7512
76 1335 36.1386
77 370 65.6899
77 434 69.2707
77 1020 67.4786
78 377 10.1051
78 740 22.1692
78 1704 26.0749
79 104 53.7956
79 143 45.1224
79 1287 57.3842
80 774 39.7003
80 885 50.1964
80 936 64.1585
80 977 85.8581
81 432 37.7506
81 666 38.2355
81 913 57.2598
81 1028 70.5055
81 1403 41.1539
81 1596 68.5792
81 1680 39.7984
82 886 83.7299
82 942 41.0103
82 1387 55.2895
83 244 30.9507
83 528 98.8583
83 1388 101.51
83 1587 107.527
83 1630 58.1992
84 200 149.085
84 798 74.9551
84 1462 92.3105
84 1639 71.1947
85 880 55.339
85 1131 29.6869
85 1283 19.0828
85 1365 64.0196
86 746 92.1465
86 838 41.0547
86 1416 13.7331
87 252 48.7515
87 318 60.7913
87 1244 68.3554
88 141 89.0957
88 1743 9.31111
89 1379 64.4556
89 1396 60.6737
89 1669 60.1159
90 1104 97.3455
90 1714 93.8909
90 1747 165.182
91 1521 71.3925
91 1646 20.4303
91 1775 26.1301
92 593 26.1807
92 898 121.474
92 1068 88.8308
93 549 23.669
93 680 82.6163
93 1554 66.5624
93 1703 31.1924
94 217 12.5332
94 335 6.13344
94 548 41.5215
94 995 86.2166
94 1176 36.8133
94 1539 26.1624
95 854 50.7078
95 862 29.6344
95 1592 102.075
96 365 51.0853
96 992 53.5825
96 1784 96.3125
97 136 41.1869
97 171 39.6302
97 230 23.5789
97 1255 47.3219
98 202 55.2974
98 622 88.3059
98 975 57.187
98 1516 47.3699
98 1734 17.7452
99 404 79.2339
99 423 47.3751
100 235 65.3372
100 479 92.7778
100 1443 31.9844
100 1452 102.241
100 1529 59.789
101 344 52.6944
101 816 64.3186
101 1103 54.9348
101 1265 44.3202
101 1609 33.8572
102 273 44.4064
102 470 38.6663
102 964 76.3703
102 1345 36.0327
103 1273 19.6089
103 1299 51.3592
103 1649 42.3673
104 143 41.0583
104 279 51.6237
104 420 51.7357
104 1189 60.6312
105 596 49.798
105 1349 83.5617
105 1683 100.395
106 212 70.8573
106 604 101.982
106 1745 103.432
107 271 62.4651
107 362 87.6604
107 1155 79.9727
107 1803 124.463
108 371 58.2497
108 1197 107.473
108 1468 113.839
108 1668 85.911
109 413 73.9002
109 761 60.8075
109 1215 23.3915
109 1565 63.9423
110 299 39.0599
110 391 69.0806
110 505 45.2792
110 537 8.86261
111 725 30.0169
111 1268 49.146
111 1597 55.2637
112 1316 21.8842
112 1326 70.3139
112 1682 26.6847
113 521 55.1728
113 619 36.684
113 872 42.1995
113 1740 47.715
114 497 78.1627
114 1597 102.435
115 791 113.406
115 981 54.1498
115 1090 38.4485
116 1016 17.4463
116 1653 70.8052
116 1676 87.7557
117 887 56.2283
117 1357 32.9527
117 1478 53.7469
118 254 81.1353
118 726 100.13
118 1216 91.8383
119 304 62.8109
119 1106 32.5749
119 1327 62.218
119 1332 90.5595
120 289 94.0427
120 923 91.2464
120 1356 58.2114
120 1633 84.423
121 866 66.6246
121 1089 110.151
121 1274 70.8102
121 1435 38.0738
121 1570 49.4698
122 270 42.9983
122 1047 65.7821
122 1092 36.7279
122 1466 43.587
123 202 47.7849
123 412 21.4828
123 967 49.1658
123 1516 44.8348
123 1602 56.3644
123 1741 62.7583
124 133 99.4769
124 342 25.1107
124 675 67.8732
124 907 56.3693
125 126 66.4992
125 382 35.663
126 342 68.7054
126 907 97.2686
126 1106 70.4799
126 1327 16.9269
127 900 68.8503
127 1013 13.9799
127 1809 23.9131
128 436 31.0455
128 1037 75.1366
128 1418 24.3455
128 1460 105.639
129 237 74.1795
129 286 109.218
129 469 69.0821
129 1053 63.1311
130 1483 50.5858
130 1691 10.0339
130 1717 18.2691
131 826 70.7753
131 908 80.0553
131 1318 66.3599
131 1744 91.9745
132 247 33.0122
132 565 94.9301
132 654 26.7105
132 1036 11.5856
133 384 111.657
133 675 34.4224
133 1332 78.3587
134 249 46.6517
134 1223 56.0112
134 1496 51.906
135 1247 69.3653
135 1369 34.613
135 1439 23.5367
135 1515 32.2949
135 1679 87.3806
136 230 20.7915
136 406 29.1189
136 692 42.6566
137 381 117.625
137 1134 44.8022
137 1196 43.1387
137 1521 71.6782
137 1646 70.6742
137 1775 61.3977
138 319 104.053
138 815 73.7063
138 1086 67.9356
139 311 45.0633
139 945 67.4162
139 1476 55.0717
140 524 114.045
140 762 102.301
140 1453 88.9649
141 461 47.2555
141 534 89.9252
141 1743 76.1399
142 512 33.6848
142 1553 25.5485
142 1622 88.3452
143 1287 92.2735
144 417 52.3837
144 894 67.0761
144 994 26.6978
144 1277 17.7453
144 1325 78.2849
144 1464 16.3154
145 330 35.1
145 676 45.818
145 1168 107.297
146 582 91.4409
146 895 81.0371
146 931 93.071
146 1641 24.6279
147 176 72.9663
147 309 10.2717
147 386 50.5542
147 769 51.1628
148 419 34.08
148 600 20.6484
148 625 23.9568
149 664 84.328
149 1124 80.7492
149 1220 92.6795
150 438 55.2891
150 520 71.1596
150 1722 40.6191
151 729 38.8698
151 906 59.1827
151 1252 27.6423
152 228 38.8889
152 776 11.2699
152 862 93.7938
152 1592 83.9811
153 1005 46.7175
153 1755 55.6167
154 443 26.0276
154 623 70.567
154 1739 30.1875
155 491 17.5448
155 826 95.3057
155 1782 21.972
156 174 92.4819
156 475 66.2489
156 728 149.489
157 574 51.2852
157 638 77.4108
157 1050 31.8362
157 1143 71.347
157 1181 23.9105
157 1288 60.8044
157 1783 53.4452
158 315 55.8228
158 462 41.2447
158 504 32.5309
158 1479 100.12
159 524 83.054
159 1404 65.4638
159 1453 48.9368
159 1469 7.7416
159 1507 86.4849
160 1338 64.4595
160 1758 68.7398
161 441 36.3488
161 685 41.9355
161 886 52.0062
161 1067 43.1564
162 292 70.3303
162 390 37.3927
162 572 92.3993
162 1236 27.7275
162 1449 59.8792
163 508 15.0605
163 1485 53.7489
163 1767 21.9722
164 293 38.3474
164 372 82.0271
164 1430 39.6837
165 1234 57.7388
165 1358 86.5069
165 1572 63.6405
166 444 75.5303
166 800 58.2744
166 890 35.5541
166 1207 72.4044
167 175 65.7531
167 985 77.1093
167 1008 58.4521
168 394 71.7143
168 480 45.7514
168 1289 23.5178
168 1552 47.7917
169 331 18.4654
169 641 18.7592
169 1170 65.2938
169 1795 76.3102
170 787 79.8334
170 828 28.288
170 1035 73.4857
170 1272 19.0632
171 230 41.663
171 692 60.6779
171 1255 22.6632
172 294 42.0436
172 1011 26.9613
172 1241 49.0952
172 1682 45.9429
173 844 79.1718
173 1105 62.023
173 1500 85.1178
174 1203 91.6963
174 1233 59.8458
174 1270 158.541
175 441 81.2201
175 942 99.7393
175 1008 44.1609
175 1067 61.1914
176 450 23.901
176 575 95.2192
176 1511 70.8315
177 308 50.5721
177 829 69.7474
177 1560 103.032
178 659 21.4661
178 1263 61.2463
178 1347 77.1236
178 1472 17.9482
179 489 64.4337
179 901 42.1769
179 941 89.8599
180 459 80.1272
180 1401 28.0616
180 1428 21.0233
180 1689 52.6909
181 561 54.6796
181 628 96.7069
181 721 39.3017
181 1029 22.7323
181 1173 72.755
182 233 92.2971
182 380 25.3692
182 1009 62.8079
182 1752 57.5655
183 212 50.5774
183 604 38.7727
183 941 70.563
184 1321 64.6844
184 1336 72.1707
184 1696 58.5322
185 239 34.8802
185 759 117.777
185 1712 83.2528
186 274 12.6704
186 657 38.4319
186 902 30.7186
187 421 73.0203
187 763 81.4015
187 877 100.594
188 499 53.7528
188 908 88.5117
188 1381 52.7575
189 272 53.8967
189 540 95.0032
189 1415 93.9514
190 1320 71.5668
190 1441 54.4633
190 1505 59.8868
191 231 104.655
191 1400 45.4263
191 1604 49.5597
192 956 35.4994
192 1060 61.0524
192 1681 5.7527
193 617 45.3423
193 940 37.3474
193 1123 27.6934
193 1223 68.2611
194 476 66.2128
194 837 68.2437
194 1688 29.1229
195 248 117.273
195 1419 107.777
195 1455 92.5698
196 496 32.5761
196 556 37.0457
196 955 67.0837
196 1245 34.2154
197 610 17.2635
197 1687 76.1765
197 1715 127.757
197 1718 29.8239
198 265 70.3136
198 667 50.7662
198 1371 38.0793
198 1517 61.5717
199 267 28.8969
199 735 71.6035
199 961 68.4751
199 1256 23.9879
199 1533 86.5032
200 648 47.8043
200 1084 47.9985
201 218 52.4005
201 803 44.3351
201 1049 90.5807
201 1365 55.0595
202 412 54.0453
202 889 68.5836
202 1516 7.47198
202 1734 33.3144
203 869 71.3608
203 1568 45.1546
203 1640 90.4367
204 213 46.1456
204 533 73.0626
204 855 84.4288
204 1230 60.1578
205 333 65.7001
205 751 38.1875
205 786 37.2693
205 1045 54.4138
205 1224 36.6309
206 366 53.6254
206 433 100.172
206 1696 65.8422
207 408 79.0862
207 945 48.1554
207 1476 75.6341
207 1626 19.6297
208 440 38.2427
208 458 61.8597
208 1620 89.535
208 1663 36.7835
209 821 53.1117
209 858 92.049
209 1582 118.175
210 575 36.0053
210 769 87.4442
210 1375 141.563
211 288 75.8913
211 1103 43.9298
211 1119 63.4331
212 604 1.66039
213 518 31.9579
213 533 22.0821
213 1433 54.4935
214 499 81.5658
214 756 73.7093
214 1420 105.624
215 379 76.1124
215 760 64.5243
216 320 63.2306
216 415 83.121
216 732 77.9587
216 1610 83.0525
217 335 9.42297
217 817 63.5205
217 995 51.8827
217 1537 55.8235
217 1539 59.3578
218 428 85.6854
218 803 21.1626
218 830 41.4014
218 1049 55.5238
219 336 77.9943
219 903 65.3225
219 1475 75.8827
220 1339 32.6883
220 1389 44.7417
220 1492 24.985
221 226 83.7871
221 339 65.1282
221 1099 89.8853
221 1713 45.6337
222 1072 40.5599
222 1081 43.2005
222 1380 9.32456
223 784 85.4237
223 1381 89.1919
223 1637 67.4285
224 723 73.5068
224 1291 112.231
224 1437 97.1475
224 1773 71.9534
225 1513 37.7332
225 1695 37.0352
226 1099 13.2884
226 1713 38.7258
227 490 46.0798
227 789 109.135
227 863 74.7611
227 1296 104.395
228 776 58.2793
228 1094 76.3616
229 920 66.3215
229 937 95.0988
229 1156 63.7344
230 406 57.9419
230 1255 70.1075
231 242 91.2246
231 586 83.2748
231 1034 41.4342
232 354 64.0217
232 432 80.5705
232 1028 46.9981
232 1629 87.4397
234 464 90.092
234 928 55.9679
234 1606 18.6608
235 1443 91.02
235 1529 32.9771
235 868 74.246
236 311 56.484
236 674 75.5297
236 1208 89.8319
236 1379 27.2506
237 469 50.5825
237 1053 74.7868
238 1043 32.0099
238 1251 67.3528
238 1346 66.8583
238 1790 38.0046
239 388 132.289
239 438 150.728
239 1712 99.5803
240 349 69.414
240 688 77.3138
240 1424 35.2147
241 429 79.7043
241 526 104.895
241 1564 49.4199
242 328 60.9981
242 586 6.88282
243 395 77.822
243 1023 90.6935
243 1107 102.263
243 1593 102.84
243 1643 60.6747
244 1388 97.6037
244 1630 30.9557
245 963 35.3491
245 1115 9.70185
245 1634 135.823
246 488 42.2413
246 557 56.4625
246 1434 18.6655
246 1777 101.33
247 565 69.2081
247 602 100.144
247 654 49.465
247 811 80.6188
247 1036 69.2014
248 745 35.1725
248 1165 32.6667
248 1455 47.6056
249 1223 70.252
249 1385 70.2777
250 654 105.699
250 811 59.0381
250 1089 53.5374
251 876 39.2171
251 1532 106.36
251 1557 72.4297
252 1555 53.3651
253 593 95.6035
253 973 97.9781
253 1068 46.4472
253 1612 66.7728
254 269 24.403
254 1750 115.644
255 521 95.3546
255 788 19.505
255 924 15.2242
256 316 36.8685
256 526 25.7109
256 1764 52.8866
257 468 41.2323
257 680 126.978
257 879 112.886
257 1073 88.8388
258 348 73.4516
258 1158 78.2079
258 1569 34.4642
258 1647 81.5868
259 383 102.169
259 1085 56.0016
259 1320 61.9263
260 430 87.2039
260 1322 60.0731
260 1359 54.4184
260 1757 63.76
261 718 80.9752
261 1056 130.915
261 1799 112.967
262 748 13.1194
262 1031 90.8009
263 322 58.9698
263 651 60.215
263 972 47.2664
263 1006 53.0251
264 707 87.969
264 1177 91.381
264 1178 19.1536
264 1724 92.3962
265 1293 78.6506
265 1802 36.4416
266 515 58.3295
266 1759 76.7865
266 1788 60.062
267 415 92.2024
267 735 49.2145
267 961 97.1673
267 1256 20.0507
268 511 68.8025
268 677 13.8837
268 1482 28.5721
268 1574 90.4205
269 1460 95.5871
269 1750 72.0062
270 535 33.4908
270 1047 49.066
270 1092 17.0474
270 1202 96.1493
271 362 36.9094
271 882 53.3116
272 540 50.8034
272 733 76.333
272 1415 61.8926
273 281 67.8337
273 470 39.5603
273 583 25.1652
273 634 40.9177
273 964 54.3039
273 1232 33.7001
273 1323 73.7663
273 1345 50.1805
274 657 45.3143
274 902 16.8894
275 555 49.8874
275 727 6.67212
275 1069 46.9658
276 778 36.5722
276 1140 40.3567
276 1392 50.0877
277 475 69.9327
277 728 40.8067
277 883 72.1792
277 920 50.9934
278 379 29.4309
278 626 26.52
278 839 34.5125
278 1033 52.4204
278 1603 45.6565
279 420 38.7263
279 1012 80.348
279 1189 65.1944
280 552 34.6692
280 749 56.3924
280 1716 59.9026
281 634 28.4838
281 1232 37.6269
282 921 76.5353
282 988 85.3665
282 1807 42.3521
283 388 16.536
283 541 65.7892
283 1758 102.742
284 919 97.3035
284 1044 104.227
284 1187 32.4566
284 1506 94.6452
285 595 72.1633
285 660 80.2399
285 1078 118.939
285 1608 38.2873
286 1793 94.2717
287 516 102.495
287 666 35.046
287 1596 16.0104
288 355 73.1999
288 1112 75.2151
288 1307 53.6419
289 719 28.0371
289 997 35.3003
289 1356 0.540955
290 1070 100.601
290 1107 104.602
290 1732 101.549
291 373 39.7363
291 658 60.8923
291 989 74.7178
291 1135 37.7902
292 390 38.9089
292 572 31.9399
292 1010 47.724
293 372 59.0083
293 1430 44.5285
294 310 58.7704
294 831 70.9773
294 1241 46.1413
295 359 49.0862
295 703 14.276
295 1160 83.3849
296 762 100.124
296 807 103.651
296 1333 33.0467
297 775 74.9951
297 1170 23.0821
297 1360 56.6785
298 389 86.2453
298 422 66.7364
298 631 41.4435
299 505 61.0527
299 537 35.6014
299 1440 81.386
300 1405 44.8372
300 1410 58.3597
301 601 45.5345
301 893 39.7252
301 1230 90.723
301 1292 38.4869
302 806 95.8858
302 834 6.69687
303 369 25.963
303 402 60.3209
303 1024 25.4197
303 1527 71.4839
303 1640 59.5421
304 1106 91.7714
304 1364 58.2901
305 591 27.9015
305 1714 143.046
305 1804 86.6034
306 323 9.97122
306 635 32.5603
306 1208 44.9948
306 1745 64.4928
307 361 67.2357
307 707 53.4218
307 1261 82.2035
307 1787 44.6658
308 1025 77.4956
308 1580 116.14
309 386 32.7626
309 769 51.0999
310 831 76.7367
310 1241 14.2465
311 674 42.8806
311 1379 78.1323
312 456 77.7615
312 472 115.541
312 525 35.2385
312 1600 58.7473
313 516 71.9182
313 1085 68.6323
314 655 100.835
314 782 57.5032
314 1564 54.4685
315 1315 97.3114
315 1479 41.8069
315 1640 54.2428
316 526 18.3619
316 711 54.3447
317 530 69.2705
317 796 89.5439
317 801 23.1581
317 1246 81.9766
318 1273 93.0223
318 1510 50.3916
319 520 71.84
319 815 111.54
319 1086 52.4192
319 1330 23.1357
320 522 39.7504
320 1610 47.7798
320 1735 85.2654
321 657 34.7475
321 691 71.0532
321 902 59.3137
321 1491 74.1135
322 972 26.2742
322 1266 45.3741
323 635 46.1918
323 1208 28.6664
323 1745 54.5658
324 543 31.974
324 1026 69.3658
324 1159 24.1355
324 1340 59.0001
325 440 72.2261
325 458 11.2348
325 547 68.5372
326 587 43.1008
326 727 79.699
326 1083 39.9689
327 365 86.7958
327 992 72.9854
327 1597 49.4614
328 586 46.6631
328 1027 40.1915
328 1631 60.4424
329 516 95.366
329 1530 47.8704
329 1795 58.9154
330 676 109.64
330 1168 104.081
331 641 37.6891
331 1104 90.9022
331 1170 44.9059
331 1360 75.1801
332 494 73.259
332 780 88.7331
332 850 65.852
333 759 19.0622
333 1224 20.8784
333 1599 62.09
334 1242 60.9126
334 1660 123.029
334 1701 115.199
335 995 69.3062
335 1539 29.1803
336 1239 88.6927
336 1475 30.3961
337 435 86.396
337 510 54.398
337 870 57.9908
337 1448 10.4731
337 1727 57.9379
338 822 87.3311
338 1021 52.2867
338 1779 61.2705
339 1491 71.8858
339 1713 90.8066
340 380 87.2956
340 1534 21.0862
340 1618 51.2645
341 835 88.8594
341 1374 64.2173
341 1606 98.4723
342 907 32.24
343 996 91.3069
343 1102 65.5776
343 1480 63.3469
344 1265 20.6017
344 1609 64.653
345 740 63.4069
345 1370 40.5783
345 1676 113.748
346 758 150.131
346 1397 154.774
346 1417 116.558
347 694 71.6819
347 998 53.919
347 1303 10.1687
348 507 127.71
348 633 110.272
348 765 25.1055
348 1791 23.7521
349 410 47.3611
349 439 63.1457
349 688 60.4806
349 785 110.661
349 1195 19.8423
349 1214 10.7888
350 457 57.1034
350 884 11.1665
350 1623 83.468
351 631 100.118
351 710 24.0368
351 1528 104.422
352 760 73.433
352 1034 75.2756
352 1451 84.9508
352 1604 96.1062
353 419 75.9102
353 477 60.0099
353 625 62.5251
354 861 44.9512
354 1028 40.2297
354 1149 54.9744
355 1307 16.0821
355 1748 82.427
356 639 47.337
356 927 60.2241
356 1673 97.1565
357 492 87.0434
357 672 78.3989
357 1659 56.667
358 585 44.1909
358 899 39.2283
358 1485 45.5045
359 425 119.595
359 703 23.2568
359 1275 82.0451
360 983 41.3893
360 1052 90.4025
360 1594 35.0614
361 363 91.3697
361 404 58.673
362 955 94.6653
362 1155 64.987
363 404 21.8464
363 738 57.4442
363 1194 86.8608
364 368 105.316
364 779 79.4349
364 954 72.0755
365 1784 56.6717
366 385 128.629
366 433 19.4222
366 1110 56.8777
366 1425 91.1012
367 706 17.8982
367 1613 59.307
367 1790 67.4831
368 779 20.1048
368 932 58.5277
368 954 56.6672
369 402 35.582
369 1024 49.6049
369 1640 37.3427
370 506 67.2511
371 1468 103.789
371 1668 87.5543
372 1575 67.7837
373 658 78.9048
373 1017 30.8389
374 680 72.1581
374 1139 25.0347
374 1147 46.5132
374 1169 77.5442
375 1125 40.7993
375 1429 54.3036
375 1794 33.3308
376 399 70.1882
376 1693 23.7542
376 1694 28.8783
377 740 40.559
377 1211 63.4588
377 1704 25.9147
378 427 56.1938
378 647 71.2823
378 1805 34.975
379 626 29.4695
379 839 18.5808
380 1534 47.5238
381 1014 49.486
381 1134 78.086
382 1106 90.872
383 392 60.1567
383 576 5.74832
383 914 86.9921
383 1180 39.8178
384 675 101.447
384 971 134.504
384 1675 33.5518
385 653 69.5476
385 1110 89.548
386 818 31.8287
386 1137 86.597
386 1335 17.6451
387 455 49.5285
387 1135 70.4032
387 1185 49.9796
388 541 108.116
388 1758 138.169
389 871 100.967
389 1040 78.4898
390 572 48.9504
390 1010 38.3698
390 1236 33.4531
390 1449 35.0314
391 537 75.6661
391 598 97.7511
392 576 68.4598
392 914 13.5645
392 1297 64.3797
393 1182 7.97753
393 1746 44.587
394 1231 58.5556
394 1552 55.1476
394 1709 91.9593
395 808 102.373
395 1122 45.6325
395 1458 51.1945
395 1643 25.0073
396 492 65.7259
396 1161 91.8977
396 1659 118.312
396 1801 37.5111
397 713 77.4216
397 822 53.7346
397 1376 33.9112
398 875 25.3406
398 951 49.1498
398 1331 34.656
398 1690 77.213
399 602 76.3913
399 781 56.2335
399 1163 17.1273
399 1693 43.7344
399 1728 46.1498
400 579 38.5522
400 1239 58.3296
400 1409 32.1937
401 566 61.544
401 1187 135.068
401 1592 127.774
402 1640 74.0525
403 799 120.223
403 1266 85.8778
404 738 57.8444
404 1414 100.279
405 531 63.9937
405 1444 92.8416
405 1481 69.6124
405 1541 34.4176
406 692 26.4328
406 879 128.165
407 868 39.8337
407 1113 33.8123
407 1769 14.9179
408 1074 109.831
408 1304 58.6727
408 1626 83.1782
408 1666 29.6347
409 418 41.9083
409 783 73.3887
409 939 89.8352
409 969 13.5145
410 742 52.3669
410 1195 50.2177
410 1214 51.822
411 451 63.865
411 563 31.0034
412 967 52.2228
412 1602 78.0467
413 761 10.7591
413 1129 30.4294
413 1705 96.7442
414 532 83.7974
414 1314 31.8709
414 1765 69.9585
415 732 89.0863
415 1256 74.1409
416 651 46.9407
416 837 97.6967
416 1006 43.249
416 1442 43.7953
417 892 131.982
417 994 26.9405
417 1206 140.945
417 1325 3.64041
417 1367 109.342
418 925 48.3265
418 969 52.5412
418 1250 38.0519
419 477 83.9456
419 600 53.3093
419 625 18.1539
419 1126 80.3679
419 1286 46.7064
420 1189 54.045
421 553 113.306
421 763 121.73
422 558 52.2602
422 631 71.1164
422 974 21.4868
423 966 66.3048
424 802 85.9228
424 1430 117.767
424 1522 63.7624
425 502 111.097
425 703 143.165
426 853 46.1468
426 947 35.1763
426 1146 69.8007
426 1222 77.4702
426 1362 81.8428
427 736 33.2941
427 1022 22.8237
427 1519 43.7031
427 1805 33.7013
428 803 61.1672
428 830 24.538
429 918 69.0113
429 1108 42.8028
430 1359 29.3212
430 1757 11.1682
431 766 58.1314
431 1382 40.1572
431 1551 20.1307
431 1806 115.702
432 1028 59.6185
432 1680 58.9317
433 605 71.6238
433 1110 86.2948
433 1425 44.5407
433 1544 83.2952
434 474 45.9709
434 638 82.2628
435 1239 65.2644
435 1448 53.6987
436 1037 45.7132
436 1418 15.6819
437 1368 67.1013
437 1545 108.888
437 1719 31.8419
438 1722 120.697
439 785 39.3766
439 1214 83.9947
439 1424 101.253
440 458 56.238
440 1620 85.8489
440 1663 46.5644
441 685 68.2068
441 957 65.9582
441 1067 12.8584
441 1386 89.5188
442 495 38.4779
442 624 33.2043
442 1420 75.4663
443 623 77.5417
443 1739 77.05
444 1621 62.2821
445 451 39.4556
445 465 40.2155
446 558 81.9055
446 980 59.6391
446 1788 47.5838
447 580 64.4518
447 968 97.8256
447 1290 48.6975
447 1618 30.6223
448 500 46.5463
448 938 49.6161
448 1035 53.1242
449 538 198.169
449 577 76.9048
449 1061 208.083
450 575 69.4329
450 750 105.509
450 1511 54.6362
451 563 38.9643
451 1237 33.1278
451 1300 36.8413
452 620 27.5813
452 824 32.9134
452 1405 70.4294
452 1490 7.70952
453 1063 79.2065
453 1466 68.152
453 1510 116.755
453 1702 141.623
454 660 62.8165
454 866 82.0953
454 1721 50.3688
455 589 49.7797
455 597 34.2119
455 989 79.5327
456 525 102.743
456 756 81.5289
457 884 66.3919
457 1623 60.652
458 547 64.7009
458 1423 88.2678
459 965 53.0879
459 1152 51.7834
459 1689 95.0031
460 632 32.4918
460 953 76.3394
460 1538 35.2764
460 1781 111.845
461 665 31.9214
461 1248 49.1034
462 504 44.4251
462 1093 74.1081
462 1686 87.1576
463 684 53.4897
463 1384 52.9561
463 1509 41.2414
464 1606 60.3437
465 1792 45.8914
466 1450 81.1145
466 1639 83.9729
466 1726 37.3171
467 868 9.48544
467 1252 21.2237
467 1769 45.876
468 692 75.6315
468 879 78.3167
469 771 80.8502
469 1053 14.3159
470 583 16.3776
471 753 29.9143
471 760 54.6031
471 991 38.4164
471 1526 27.578
472 645 80.8949
472 1202 78.7297
472 1600 23.8331
473 1321 77.0067
473 1396 33.7687
473 1531 56.4399
474 638 37.0511
475 728 53.2362
476 837 26.2465
476 1688 104.057
477 571 39.6738
478 737 37.9886
478 904 65.4411
479 1443 83.3732
479 1452 55.1961
480 1048 27.9574
480 1097 43.4232
480 1231 26.5238
480 1289 19.8709
481 857 60.7271
481 1486 108.055
481 1643 51.9207
482 616 34.9476
482 1023 45.1191
482 1120 52.4861
483 958 43.7814
483 1001 45.8877
483 1100 69.5423
484 950 35.8584
484 1493 64.878
484 1561 28.1527
484 1645 71.9135
485 503 55.1451
485 1295 75.324
485 1366 87.399
486 642 84.8471
486 1004 34.9219
486 1297 97.0227
486 1536 65.1518
487 873 40.0612
487 1226 36.6602
487 1235 58.4457
487 1684 53.7048
488 557 69.0866
488 970 32.1381
488 1434 70.5167
488 1756 57.1661
489 514 55.0233
489 1007 37.2162
489 1079 49.9162
490 789 60.6853
490 863 99.2637
491 1782 1.73374
492 1659 9.08063
492 1801 82.9747
493 1030 62.2627
493 1136 29.8509
493 1153 59.6318
493 1397 64.7647
494 1117 29.766
494 1190 56.5547
494 1199 79.1573
495 624 88.8145
495 1420 68.4536
496 556 72.3118
496 726 174.456
496 743 64.1948
496 1245 30.6875
497 650 117.027
497 1280 116.277
498 1244 48.6182
498 1280 100.913
498 1466 92.0775
498 1768 51.8553
499 1381 28.4052
499 1637 75.4326
500 669 125.875
500 938 8.60786
500 1039 53.1137
500 1354 109.246
501 507 139.978
501 633 161.715
501 960 109.814
502 973 110.311
502 1612 57.8957
502 1708 53.4576
503 1295 22.3403
503 1366 32.1697
503 1607 109.213
503 1711 50.8062
504 1686 96.1295
505 537 58.8626
505 1015 62.6152
506 1449 90.9569
507 633 45.0075
507 925 124.066
508 1485 56.1397
508 1767 30.404
509 548 97.5196
509 1084 81.2044
509 1581 65.6316
510 1066 55.6611
510 1448 50.5045
510 1498 127.22
511 677 90.8149
511 860 72.9284
511 1482 90.1461
511 1746 63.647
512 1553 7.04905
512 1804 101.856
513 700 120.804
513 1305 83.7666
513 1547 62.1839
513 1635 93.5069
514 1007 92.1202
514 1665 97.9582
514 1771 42.8071
515 1080 107.625
515 1228 65.443
516 1530 60.3857
517 608 56.4714
517 731 54.9986
517 1776 64.3128
518 533 28.8425
518 855 87.4412
518 864 80.2361
518 1433 46.7311
518 1470 38.1352
519 1508 7.57077
519 1524 32.7483
519 1656 38.2149
519 1808 45.7237
520 1086 82.7701
520 1330 49.8311
520 1722 41.6665
521 619 41.5824
522 1285 43.1855
522 1610 44.8863
522 1735 40.3885
523 757 27.8357
523 909 22.9886
523 1077 73.119
523 1172 47.7348
524 1453 15.2921
526 711 78.8261
526 1564 48.8631
527 778 49.0689
527 1000 24.9087
527 1140 33.3716
528 1350 118.188
528 1587 23.6124
529 658 47.1141
529 1785 22.8713
529 1794 34.6057
530 801 41.5566
530 1051 13.1382
530 1487 13.6092
531 812 74.9035
531 1344 54.4442
531 1541 92.6485
531 1741 65.5532
532 982 48.5122
532 1200 98.9885
532 1314 53.5457
533 1433 22.075
533 1470 100.827
534 1375 80.6753
535 922 39.3549
535 1092 24.5428
536 621 32.2962
536 636 82.745
536 777 123.569
538 1061 69.0013
538 1116 11.5647
538 1548 46.9721
539 644 52.4873
539 1444 74.0509
539 1777 52.1268
540 733 46.923
540 1318 86.7991
540 1415 14.8257
541 595 51.153
541 1608 109.212
542 953 28.9952
542 1524 46.986
542 1656 73.8653
543 1154 44.36
543 1159 25.8622
543 1395 55.6719
543 1525 59.9606
544 861 49.1042
544 1098 46.427
544 1149 69.2903
544 1547 39.486
544 1629 82.9002
545 799 174.04
545 895 120.562
546 1133 60.3826
546 1714 114.686
546 1747 76.1843
546 1804 77.1384
547 736 52.8709
547 1264 36.2948
547 1519 46.7188
547 1583 159.055
548 1176 30.054
548 1539 22.7039
548 1581 55.2627
549 1554 47.5871
549 1703 26.8859
550 1052 61.1033
550 1237 17.3608
550 1300 27.7435
551 1071 61.3623
551 1143 82.8541
551 1175 36.2749
551 1495 24.2169
552 649 85.0158
552 749 19.371
552 1716 70.2417
553 554 68.082
553 877 86.6347
553 976 50.1389
553 1278 56.2461
554 560 58.3372
554 599 48.5084
554 877 65.5358
554 976 40.5424
555 587 37.5353
555 727 34.7854
555 1083 52.6752
556 1245 61.7309
557 970 75.0452
557 1064 46.2107
557 1434 33.7833
557 1589 42.7254
558 631 85.1319
558 974 74.8712
559 1279 22.6957
559 1388 86.8968
559 1660 94.5982
560 599 64.3293
560 976 52.0415
560 1368 70.3652
560 1764 57.4703
561 607 38.4729
561 721 67.9345
561 764 19.0349
561 1173 56.38
562 1039 24.8261
562 1638 54.1682
562 1687 58.3445
563 1594 40.5932
564 1260 22.8337
565 811 50.9128
566 822 73.8702
566 1540 114.827
567 1148 21.5412
567 1151 58.6566
567 1627 47.0862
568 853 43.7219
568 859 69.8801
568 947 44.0793
569 625 87.2067
569 1126 13.3013
569 1286 55.299
570 878 96.3128
570 939 47.1105
570 1391 93.4276
571 914 67.6465
571 1180 58.8227
573 1171 73.7711
573 1218 9.08152
573 1518 39.0544
574 1050 3.05941
574 1783 17.2717
574 1808 72.5877
575 769 77.3417
576 914 64.2643
576 1180 31.4439
577 642 122.506
577 1441 76.6835
578 664 63.2046
578 881 16.1785
578 1032 34.0773
578 1753 50.8004
579 704 63.4411
579 1409 20.7939
579 1695 32.3977
580 968 43.4585
580 1618 53.6927
581 656 101.155
581 814 17.4017
581 1311 64.2522
581 1408 58.6197
581 1503 39.3807
582 717 48.282
582 758 56.6222
582 1192 86.9564
582 1641 78.1424
583 634 38.5251
584 632 125.433
584 1528 79.2811
584 1538 106.848
585 899 59.3383
585 1093 47.9583
585 1654 58.7996
587 1083 18.3567
588 614 75.918
588 1074 157.146
588 1578 85.4828
588 1786 74.3172
589 597 34.8092
589 608 9.50182
589 1185 29.7715
590 1353 58.0102
590 1644 94.0556
591 1714 105.301
591 1804 107.795
592 750 46.7671
592 917 81.5623
592 1511 36.5626
593 1068 53.0529
594 724 58.2909
594 980 86.6813
594 1611 54.2106
595 1608 32.8895
596 739 72.6323
596 846 94.2345
596 1041 76.7716
596 1349 82.2122
596 1488 84.8971
598 751 50.825
598 786 40.0399
598 1800 70.2479
599 1368 24.1473
600 625 20.6874
601 699 29.0389
601 893 41.5923
601 1720 79.5944
602 1556 59.8697
603 746 167.35
603 772 111.732
604 1304 99.7602
605 997 38.0752
605 1425 9.78217
605 1546 26.4344
606 926 76.5166
606 1045 25.7488
606 1146 41.0755
606 1313 44.3185
606 1599 81.4498
607 764 50.4497
607 1512 38.1694
607 1535 54.6324
608 1185 19.6657
609 728 51.5956
609 747 39.5592
609 937 30.883
610 1687 32.3203
610 1715 91.5986
610 1718 58.9485
611 768 18.9662
611 1363 69.9178
611 1523 59.2042
612 797 50.2534
612 962 14.1444
612 1422 66.4154
613 1003 61.0588
613 1378 48.7425
613 1615 50.5389
613 1706 54.1275
614 1385 80.7246
614 1636 55.9921
614 1786 37.015
615 790 73.4019
615 870 67.6516
615 1498 129.87
615 1605 121.25
616 1023 66.444
616 1120 24.9702
617 793 18.9273
617 1123 21.5465
617 1223 81.6959
617 1496 65.6945
618 849 26.6069
618 1164 78.2795
618 1729 37.5017
619 872 72.441
619 1740 33.13
620 824 45.6757
620 1405 37.3946
620 1490 28.3792
621 636 47.7322
621 777 96.8457
622 967 78.0896
622 1451 76.2364
622 1734 74.1598
623 1350 107.803
623 1442 56.6193
624 1525 107.45
626 720 27.6442
626 839 22.4609
626 934 49.1967
626 999 73.8271
626 1019 20.9023
627 906 16.0572
627 1249 108.91
627 1447 22.8269
627 1651 33.1136
628 1029 75.6949
628 1463 56.5749
628 1774 86.3509
629 697 59.4576
629 847 17.3895
629 1566 22.3409
629 1672 19.3068
630 1076 47.74
630 1213 36.3127
630 1595 88.4509
630 1614 32.7998
630 1674 31.483
631 974 102.23
632 1538 16.8978
632 1781 99.4676
633 925 92.9978
634 1232 41.0914
635 1208 50.0301
635 1579 111.654
635 1745 32.8051
636 777 45.4133
636 1766 78.461
637 904 29.3079
637 1204 27.5925
637 1243 93.0531
637 1419 55.6233
638 1181 42.9194
639 927 94.9693
639 956 106.732
640 696 38.1493
640 1509 55.679
640 1760 36.6486
641 1360 83.6157
642 1004 15.2932
642 1212 66.22
643 1108 55.0578
643 1219 82.9816
643 1616 54.9752
644 1064 62.4312
644 1444 47.4225
645 1202 88.4929
645 1591 158.458
645 1600 79.7235
646 770 29.8033
646 1059 62.9369
646 1662 49.2814
647 1708 143.335
647 1805 101.574
648 1084 41.5162
648 1639 73.2602
649 662 37.687
649 749 106.69
649 1058 79.9169
650 992 37.9648
650 1555 56.7533
651 1006 11.6355
652 790 56.5089
652 1186 72.8581
652 1605 34.4896
653 1094 63.2109
653 1436 92.6529
653 1502 72.7161
654 1036 17.8146
655 782 52.6183
655 1278 58.5331
656 814 69.2574
656 1503 47.0478
657 902 17.858
657 935 95.1353
658 1017 57.5743
659 1263 62.2195
659 1472 51.6136
659 1474 72.9834
660 1078 65.5192
660 1608 89.2625
661 744 62.7973
661 896 7.37844
661 1798 67.649
662 749 110.991
662 1058 67.9469
663 683 48.5877
663 1009 47.0486
663 1393 10.7682
664 881 37.7571
664 1124 72.2924
664 1220 60.308
665 1248 31.0201
666 1596 32.2834
666 1680 45.368
667 1371 70.5706
667 1517 27.5386
668 774 61.2721
668 802 22.1015
668 865 49.6503
668 885 56.2351
669 1118 102.409
669 1354 7.31121
670 681 103.588
670 843 104.252
670 933 68.0865
670 1100 17.4752
670 1471 54.8086
671 747 74.8559
671 944 90.8465
671 1601 63.4391
672 836 46.1105
672 1152 71.2771
673 943 74.8056
673 1549 140.576
673 1667 54.2238
673 1697 85.6882
674 1379 47.5476
676 952 40.1768
676 1168 60.4267
677 1482 54.1525
677 1574 74.9689
678 993 24.208
678 1376 27.5987
678 1552 47.1331
679 690 43.2547
679 1163 51.18
679 1728 70.528
680 1139 64.0829
681 933 3.35788
681 1100 92.249
681 1739 76.0445
682 997 51.7093
682 1546 47.2307
682 1678 23.846
683 1009 104.429
683 1393 66.6202
684 819 49.9269
684 1167 102.846
684 1384 29.8019
684 1736 95.8362
685 792 52.607
685 806 56.5589
685 886 20.5467
686 948 22.4357
686 1044 97.5528
686 1459 81.9815
687 1348 45.8437
687 1582 68.9695
687 1623 61.8228
688 1214 47.7582
688 1424 108.681
689 1369 50.3675
689 1578 62.7796
689 1636 51.3724
690 1147 76.4513
690 1728 77.1976
691 1132 100.101
693 787 65.097
693 1043 71.9961
693 1054 54.8461
693 1346 40.3501
694 708 59.3021
694 1301 20.4726
694 1303 84.9965
695 1111 73.4345
695 1455 89.7527
695 1724 47.8268
696 1509 38.4422
696 1760 14.5676
697 847 119.378
697 1672 64.6587
698 741 40.1882
698 1334 40.5853
698 1580 43.0751
699 893 103.582
699 1720 30.9759
700 1530 99.3728
700 1635 7.80801
701 986 99.1694
701 1055 26.6734
701 1750 89.5237
702 961 63.5606
702 1174 89.8571
702 1329 74.0953
703 1160 110.633
704 916 56.7943
704 1186 76.3214
704 1473 35.5244
705 807 25.7785
705 1005 66.0335
705 1563 6.14927
705 1648 6.7485
706 1613 34.427
706 1790 69.1359
707 1177 15.9831
707 1178 82.5947
707 1261 43.3332
707 1787 11.1294
708 1301 79.2595
709 1218 125.261
709 1533 62.1454
709 1591 46.143
710 1390 128.06
710 1528 73.6288
711 918 45.1324
711 1498 116.827
712 1251 27.347
712 1319 82.4251
712 1507 85.7272
713 1376 43.1633
713 1571 21.1124
713 1707 28.0428
714 1012 77.1753
714 1373 31.2135
714 1427 37.0431
715 840 36.6909
715 915 76.8306
715 1499 11.4333
715 1543 48.282
716 762 32.1562
716 1333 69.5586
716 1366 54.5634
716 1711 41.8664
717 1136 84.4092
717 1192 43.0063
717 1616 43.7817
718 1402 129.253
718 1667 150.436
719 997 58.3894
719 1356 27.7612
719 1544 64.1854
720 839 33.0108
720 934 38.741
720 1019 24.1835
721 1029 61.2777
721 1677 75.5811
722 1408 56.2818
722 1503 61.1293
722 1621 43.1834
723 1773 64.4912
724 1114 44.2857
724 1748 75.7225
725 1268 60.3988
725 1597 79.6829
726 1216 104.347
727 1069 70.0739
729 906 46.846
729 1252 37.3093
730 780 9.27184
730 850 8.58436
730 1075 43.2723
731 1022 49.5855
731 1264 64.2757
731 1776 83.7799
732 1078 139.178
733 1101 38.6212
733 1210 74.8181
733 1302 38.2072
733 1415 53.5353
734 1188 89.4633
734 1624 75.4682
734 1754 30.0915
735 1256 57.2136
736 1519 6.89787
737 904 34.8433
738 1194 30.0498
739 846 84.512
739 1144 37.0284
739 1349 72.3304
740 949 78.7657
740 954 76.5535
740 1704 35.2018
741 1334 52.7291
741 1580 18.2697
741 1731 44.3956
742 1439 60.1738
742 1515 50.1375
742 1632 109.464
743 1245 77.6357
743 1668 92.121
744 794 51.3144
744 841 13.7139
744 896 59.8618
744 1238 61.8823
745 1046 66.2944
745 1165 14.5669
746 838 73.3789
746 1416 80.4738
747 937 44.7602
747 1601 146.553
748 1031 107.38
749 1460 100.599
750 1020 119.037
750 1511 32.2014
751 786 39.8499
751 1800 101.908
752 813 25.5515
752 1225 40.9794
752 1281 83.2802
752 1576 94.1655
752 1617 49.139
752 1650 61.3407
753 991 20.131
753 1034 41.1457
753 1526 35.7059
754 1070 34.9745
754 1109 100.354
754 1226 75.658
754 1789 35.203
755 1446 32.749
755 1477 51.0517
755 1611 28.1727
757 909 46.3346
757 1077 57.005
757 1172 15.48
757 1577 73.4426
757 1761 96.0089
758 1397 86.6661
758 1417 25.5932
759 1224 32.3431
759 1599 48.2382
759 1712 78.4835
761 1129 18.7523
761 1705 124.493
762 1333 44.5879
762 1711 52.4504
763 1075 73.0029
763 1733 61.0999
764 1173 46.6386
764 1535 65.8079
765 1647 91.8287
765 1791 10.166
766 854 76.8357
766 1551 74.202
766 1797 101.538
767 805 53.4704
767 1166 16.9006
767 1677 49.1972
768 1363 54.2505
768 1523 31.4274
770 1059 57.1315
770 1625 43.4731
770 1662 20.8678
771 842 67.6456
771 1343 104.08
772 1461 66.4822
772 1751 101.079
772 1800 89.046
773 922 46.6361
773 1559 6.6037
773 1772 13.2993
774 802 83.7111
774 865 67.0056
774 885 7.88844
775 1170 121.024
775 1422 65.0646
776 1094 103.286
778 1000 37.7168
778 1140 31.2445
778 1392 30.8206
779 932 40.7356
780 850 24.8425
780 1075 55.0073
780 1733 56.2292
781 1163 32.9037
781 1728 14.4476
782 1278 79.2499
783 1027 98.0114
783 1631 51.3426
784 813 94.4317
784 1225 72.9806
785 1424 103.482
787 828 100.368
788 924 3.7626
789 1518 97.3551
790 870 78.7686
790 1605 31.685
791 971 58.0814
791 1090 113.611
792 806 25.1682
792 957 59.3468
793 940 23.9786
793 1123 10.8962
794 841 84.5512
794 1238 24.3205
795 937 69.7564
795 1156 31.4766
795 1271 61.8449
796 801 61.259
796 1737 51.4897
797 962 22.3797
797 1422 47.1207
797 1497 72.3116
798 1462 25.7436
798 1639 87.329
800 835 87.4621
800 890 43.2765
800 1207 46.8096
800 1762 91.1506
801 1487 85.5542
802 865 84.2796
803 830 21.498
804 1104 46.1464
804 1360 50.7171
804 1588 93.6052
804 1698 121.242
805 1095 45.4075
805 1166 63.7958
805 1512 74.2316
806 834 78.2714
806 957 70.0127
807 1005 62.3699
807 1563 17.9119
807 1648 33.2538
808 1122 53.0428
808 1458 13.9413
808 1486 110.997
809 929 43.7295
809 1554 49.9501
809 1703 50.4216
810 943 111.721
810 990 107.933
810 1780 55.2605
811 1089 79.0327
812 1344 52.46
812 1602 75.9999
813 1225 16.627
813 1617 21.3127
814 1311 43.024
814 1408 62.8354
815 1249 125.606
816 1103 55.5124
816 1609 45.9737
817 928 27.0517
817 1537 15.0459
818 1137 65.2586
818 1335 38.2661
819 1167 65.4968
819 1736 34.2968
820 1157 87.9153
820 1240 18.9166
820 1310 68.9942
820 1647 57.132
821 858 67.0414
821 1520 87.2666
821 1781 104.359
822 1540 48.6414
823 930 78.0744
823 959 41.6467
823 1337 12.5623
824 1490 24.3039
824 1720 109.479
825 883 70.5819
825 1308 51.1974
826 1744 62.3755
827 1141 50.6552
827 1445 40.8336
827 1545 57.3583
828 1262 99.121
828 1272 32.9186
828 1670 62.0278
828 1740 65.712
829 1096 57.7668
829 1145 49.6386
829 1560 29.5702
831 1326 37.8048
831 1069 46.5343
832 1076 85.8755
832 1285 93.7853
832 1735 60.0964
833 1282 23.7191
833 1316 33.8529
833 1326 28.7524
833 1584 15.3044
835 1207 65.0521
836 965 52.6753
836 1152 23.0794
838 1416 27.0735
839 934 57.1706
839 1019 47.7664
840 1499 62.2878
840 1799 45.9578
841 1096 65.037
842 1343 26.7157
843 967 90.8297
843 1100 108.637
844 1294 85.4819
844 1500 65.3017
845 1269 89.9408
845 1496 141.525
845 1709 39.6283
846 1184 121.396
846 1349 34.0484
847 1566 13.8933
847 1672 10.8084
848 1203 111.201
848 1233 72.3915
848 1661 46.0578
849 1351 104.208
849 1729 10.8061
850 1075 57.9056
851 1401 55.0434
851 1428 65.7448
851 1454 31.0123
852 984 55.3259
852 1284 28.439
852 1371 64.4125
853 947 15.0764
853 1204 74.5211
854 1797 52.1778
855 1470 52.7845
856 963 64.5589
856 1115 100.724
856 1162 116.92
856 1314 92.5526
856 1634 32.2882
856 1765 103.856
857 873 55.2083
857 874 13.899
857 1226 83.7926
857 1684 82.2877
858 1080 29.4826
858 1228 64.302
858 1520 13.3515
859 947 69.1824
859 1146 82.6459
860 901 40.5443
860 1457 27.4011
861 1149 20.0355
862 1592 81.8828
862 1797 117.526
863 1296 28.7926
864 1433 106.782
864 1470 91.2555
865 1312 35.629
865 1324 35.3255
866 1274 70.4439
866 1435 95.4838
866 1721 74.3507
867 1013 109.928
867 1500 41.8433
867 1809 84.1089
868 1252 36.0411
868 1769 36.2377
869 1483 63.0206
869 1568 79.7605
870 1448 91.1406
871 1040 16.4393
873 874 61.5587
873 1226 20.4402
873 1235 94.4751
873 1684 39.8232
874 1070 66.172
875 951 90.2412
875 1129 95.0641
875 1331 22.0817
875 1690 34.7987
876 1423 91.2351
876 1557 86.7935
877 1412 101.105
878 905 20.4521
878 939 43.7369
878 960 99.1388
878 1391 49.8496
880 1131 68.2528
880 1283 36.4198
881 1032 58.0585
881 1124 86.2798
881 1753 58.01
882 1142 43.6318
882 1341 57.4721
883 920 21.0029
883 1308 58.342
884 1623 82.26
887 1357 80.2715
887 1410 51.3462
888 1154 48.7867
888 1550 51.8223
888 1664 13.6425
889 1481 71.1571
889 1516 79.4103
890 1440 43.8764
891 1160 65.3608
891 1253 50.6266
891 1585 71.0157
892 1206 15.5509
892 1367 51.6463
893 1292 70.0032
894 1277 75.8626
894 1464 22.8332
895 1641 141.408
896 1798 51.6758
897 1091 7.52858
897 1261 58.7711
897 1787 68.0049
898 1118 40.767
898 1638 42.894
898 1648 75.6442
899 946 122.57
899 1328 86.9157
899 1484 79.5757
899 1654 57.6044
900 1013 71.2651
900 1332 81.071
901 941 84.2398
901 1457 32.4349
901 1598 80.8857
902 1491 79.7709
903 1305 68.1866
903 1475 65.0728
904 1204 34.5749
904 1419 95.3954
905 939 53.1089
905 960 154.603
905 1391 42.9491
906 1447 26.5385
908 1381 65.2514
908 1637 76.7011
908 1744 37.5473
909 1172 69.2229
910 1025 30.807
910 1097 17.0466
910 1289 52.2143
911 935 79.833
911 1065 134.646
911 1132 44.2522
912 1201 71.7143
912 1276 52.926
912 1656 52.7807
913 1028 54.8579
913 1403 16.0597
914 1297 78.0021
915 1121 56.3456
915 1763 63.304
915 1799 63.3783
916 1473 10.9747
916 1513 54.207
917 966 63.0535
917 1414 62.1926
917 1432 78.2269
918 1108 114.882
919 1187 63.9429
919 1540 61.5942
919 1798 69.111
921 1394 35.4592
921 1710 62.2072
921 1807 36.7289
922 1559 33.0118
922 1772 38.9895
923 1254 35.4157
923 1633 84.1443
925 1158 49.4079
925 1569 62.7561
926 1045 62.9088
926 1313 60.6658
927 1542 85.0408
928 1374 80.0948
928 1537 39.1439
929 1255 59.3846
929 1703 73.0707
930 959 24.9112
930 987 32.0291
930 1792 54.4936
931 1192 106.65
931 1641 64.0168
932 1676 114.547
933 1100 83.9294
935 1501 140.049
935 1652 64.4138
936 977 18.7592
936 1406 63.2979
937 1156 73.0239
938 1035 92.2948
938 1039 45.9648
938 1354 110.507
940 1123 14.9173
942 1008 49.3875
943 1667 35.8108
944 1284 72.6044
944 1601 79.2462
945 1476 22.2485
946 1328 8.64553
946 1484 48.3471
948 1044 73.4807
948 1258 82.9179
948 1459 66.064
949 954 54.1364
949 1624 73.9118
949 1704 64.4982
950 1493 25.0686
950 1561 72.9383
950 1572 38.048
951 1331 118.745
952 979 55.719
952 1168 9.1757
952 1205 55.2457
953 1524 111.125
955 1155 13.1293
955 1342 95.1453
956 1060 36.1974
956 1087 47.9139
956 1681 41.3011
957 1364 56.4248
958 1001 27.2133
958 1655 36.9932
959 1337 57.9725
962 1422 44.5893
963 1115 20.9034
963 1162 70.2996
963 1198 107.944
963 1634 61.1573
964 1197 125.205
964 1323 56.2627
964 1345 32.9142
965 1152 23.8432
968 1268 42.5625
970 1756 46.6071
971 1675 80.9927
972 1266 51.7625
973 1612 62.9825
973 1708 74.458
975 1504 43.3865
975 1734 62.5195
976 1764 37.9747
977 1406 90.7261
978 1014 75.3031
978 1298 48.0166
978 1561 68.6608
979 1168 97.615
979 1205 70.3255
980 1759 23.3781
980 1788 81.1606
981 1090 20.2184
981 1109 97.7536
982 1200 29.4631
982 1314 133.672
983 1300 16.8217
983 1594 31.9398
984 1371 56.0998
984 1517 95.985
985 1008 73.2656
985 1096 61.1219
986 1055 94.6849
986 1357 124.077
986 1478 59.0213
987 1792 33.2901
988 1685 90.9274
988 1807 78.6166
989 1135 36.6816
990 1002 94.7714
990 1421 99.9601
990 1780 37.6569
991 1034 84.794
991 1526 59.9244
993 1376 58.7752
993 1436 60.746
993 1552 65.3549
994 1325 20.3191
996 1102 36.4697
996 1271 34.006
996 1361 53.2569
997 1356 35.057
997 1425 56.4829
997 1546 29.1603
998 1020 73.1314
998 1303 78.436
999 1019 83.7183
999 1026 30.8029
1000 1140 16.5562
1000 1392 29.8405
1001 1190 75.8251
1001 1655 47.5473
1002 1342 83.3267
1002 1383 56.693
1002 1421 97.7621
1002 1780 99.386
1003 1275 73.8424
1003 1615 19.2603
1004 1212 89.7601
1004 1536 69.0875
1006 1442 44.5618
1007 1079 93.7757
1009 1393 72.5082
1009 1752 53.64
1010 1390 82.8309
1010 1449 82.8327
1011 1257 109.94
1011 1682 57.5583
1012 1373 37.4674
1012 1427 94.4608
1013 1809 16.1235
1014 1134 119.839
1015 1431 53.333
1015 1762 83.5898
1016 1370 77.263
1016 1653 84.4764
1016 1676 79.5007
1018 1355 89.774
1018 1399 52.73
1018 1531 66.3733
1018 1770 92.776
1019 1026 71.5294
1021 1571 77.151
1021 1779 47.6727
1022 1805 56.7924
1023 1514 151.238
1023 1593 46.6367
1024 1527 59.9771
1025 1097 65.7397
1025 1707 46.3102
1027 1631 11.9724
1028 1403 49.3051
1029 1463 130.535
1030 1153 22.1169
1030 1219 73.2257
1031 1488 140.681
1032 1124 82.5873
1032 1753 34.1216
1033 1590 60.8315
1033 1603 41.4875
1036 1651 59.6375
1037 1418 60.1926
1038 1051 34.5743
1038 1487 33.0536
1038 1749 56.298
1041 1217 80.7681
1041 1488 15.3257
1042 1526 64.5432
1042 1550 32.3479
1042 1664 65.4142
1043 1251 105.009
1043 1346 37.4643
1043 1790 60.5991
1045 1599 51.8754
1046 1165 46.2201
1046 1179 46.8153
1047 1092 60.316
1048 1097 36.2304
1048 1231 29.1959
1049 1130 40.4013
1050 1783 17.0265
1051 1487 8.93894
1051 1749 40.5609
1052 1300 90.6677
1054 1346 46.8518
1054 1742 47.0278
1056 1549 29.848
1056 1697 65.9161
1057 1628 66.1703
1057 1738 28.4689
1058 1151 85.9587
1058 1402 60.1755
1059 1662 92.0912
1060 1087 9.67456
1060 1284 49.5976
1060 1681 69.5088
1060 1723 30.9054
1061 1116 57.8989
1061 1548 129.295
1062 1144 47.9871
1062 1217 3.61029
1062 1632 37.8177
1063 1702 86.2936
1064 1434 54.3229
1064 1589 20.0912
1065 1132 99.4156
1065 1474 61.9437
1065 1595 64.384
1066 1448 50.9901
1066 1727 40.7219
1067 1386 60.2484
1068 1755 75.6055
1070 1107 76.5839
1070 1789 81.9895
1071 1175 31.7782
1071 1227 32.2315
1071 1426 45.8069
1071 1465 45.0725
1071 1495 54.1559
1072 1081 62.4164
1072 1188 84.5203
1072 1380 27.9913
1073 1291 35.3506
1073 1437 33.0482
1074 1666 67.9416
1075 1733 19.2106
1076 1213 60.6333
1077 1172 95.4522
1078 1309 147.518
1079 1665 51.3134
1079 1771 50.706
1080 1228 58.8288
1080 1520 34.4474
1081 1211 29.5345
1081 1380 41.621
1082 1130 81.8286
1082 1306 32.8571
1082 1365 74.0498
1082 1657 49.5642
1083 1130 98.1481
1086 1330 53.6312
1087 1284 80.9169
1087 1723 19.9809
1088 1191 51.5342
1088 1221 11.6857
1088 1267 78.045
1088 1502 88.3108
1091 1261 39.4254
1091 1787 98.1147
1093 1642 117.881
1093 1654 92.5452
1093 1686 64.3994
1095 1512 79.858
1095 1731 56.7719
1096 1145 40.8547
1096 1560 76.5565
1097 1289 39.2456
1098 1547 73.9887
1098 1675 83.8865
1099 1324 63.4252
1099 1430 66.4823
1099 1713 64.0643
1100 1471 49.1771
1100 1655 84.6656
1101 1210 41.1331
1101 1302 56.8874
1102 1271 66.6697
1102 1517 42.1095
1103 1119 121.156
1104 1360 52.9943
1105 1286 82.3902
1105 1411 95.2323
1106 1327 75.9988
1107 1732 36.7901
1108 1489 48.8732
1110 1770 74.0371
1111 1179 58.9657
1111 1455 60.1901
1111 1724 67.227
1112 1119 64.2199
1112 1685 69.5372
1113 1337 72.4318
1113 1769 65.0849
1114 1358 29.7191
1114 1748 37.0739
1115 1198 101.853
1116 1548 46.8816
1117 1190 95.1538
1117 1199 64.136
1118 1563 71.3834
1118 1638 53.5174
1120 1391 64.4259
1121 1763 46.9576
1121 1799 57.7816
1122 1458 40.0141
1123 1496 91.5459
1124 1220 29.7191
1125 1161 55.888
1125 1429 55.2152
1125 1794 59.0491
1126 1286 70.7296
1126 1411 74.0669
1127 1319 128.016
1127 1402 63.8337
1127 1763 68.3212
1128 1209 26.7259
1128 1378 44.4697
1128 1706 24.8752
1131 1283 14.7008
1131 1365 68.4008
1131 1657 58.2215
1133 1622 14.2755
1133 1747 47.276
1134 1196 96.0437
1134 1298 91.3957
1136 1397 23.7183
1136 1417 59.4168
1137 1784 39.4538
1138 1480 13.1003
1138 1489 23.7845
1139 1147 40.6116
1139 1169 30.4267
1140 1392 9.99193
1141 1445 66.4273
1141 1545 104.446
1142 1277 25.0031
1142 1341 14.774
1143 1288 62.18
1144 1217 77.2453
1145 1560 84.7864
1146 1313 95.7086
1147 1169 50.024
1148 1438 61.495
1148 1627 33.7673
1149 1629 45.6094
1150 1352 72.1849
1150 1454 95.3009
1150 1725 106.755
1151 1402 149.339
1151 1716 62.578
1153 1219 75.3257
1154 1159 34.8117
1154 1340 29.32
1154 1664 50.8774
1155 1342 89.8411
1157 1395 31.9335
1157 1525 50.9881
1158 1250 71.8798
1158 1569 19.0145
1159 1340 31.8272
1160 1275 54.1534
1160 1615 70.8359
1161 1801 63.7328
1162 1198 55.136
1163 1728 30.3393
1164 1290 9.986
1165 1455 90.9976
1166 1677 21.0012
1167 1736 14.7495
1168 1205 68.4503
1170 1360 79.0037
1171 1218 95.6919
1171 1309 34.1577
1172 1577 55.1718
1172 1761 71.4443
1174 1213 34.9507
1174 1329 21.4485
1174 1619 60.1838
1175 1465 35.7209
1175 1495 56.6319
1176 1539 32.5363
1177 1178 92.0757
1177 1261 55.858
1177 1787 17.572
1179 1431 124.166
1179 1455 53.1401
1181 1288 45.229
1182 1746 33.3354
1183 1558 37.2617
1183 1562 27.1631
1183 1567 41.3444
1184 1774 118.003
1186 1293 52.7119
1186 1605 59.6567
1187 1540 41.3002
1188 1754 83.3304
1190 1199 118.036
1190 1655 60.189
1191 1221 35.1006
1191 1436 74.2457
1191 1502 35.4427
1192 1616 33.5591
1193 1412 110.176
1193 1514 77.0657
1193 1593 98.3663
1193 1732 74.6865
1194 1724 85.472
1195 1214 10.6146
1196 1775 85.2471
1200 1299 90.4697
1201 1276 30.1179
1201 1372 94.2019
1202 1600 94.403
1203 1233 75.2774
1203 1308 58.3451
1206 1367 60.3855
1209 1378 58.3571
1209 1625 54.0541
1209 1706 40.6265
1209 1725 94.2242
1210 1302 52.1087
1211 1704 51.4136
1212 1441 47.0147
1212 1505 81.1628
1213 1329 56.0922
1213 1619 35.3059
1213 1674 15.1599
1215 1536 42.9221
1215 1565 38.2433
1216 1383 69.0093
1216 1421 34.4138
1217 1488 91.3905
1217 1632 49.6221
1218 1518 54.7469
1219 1361 66.8373
1220 1781 68.5894
1221 1502 65.7188
1222 1243 45.4402
1222 1362 64.3652
1225 1281 81.5397
1225 1617 44.6127
1226 1789 30.5173
1227 1384 47.7758
1227 1426 6.56064
1227 1465 53.4094
1229 1406 61.0023
1229 1504 78.8145
1229 1730 62.3304
1230 1292 92.0553
1231 1289 44.5143
1232 1323 76.3996
1233 1270 114.669
1233 1661 64.9625
1234 1493 72.1374
1234 1572 93.4212
1235 1684 53.2409
1236 1449 40.0957
1237 1300 39.9666
1240 1310 75.1424
1240 1647 56.8849
1242 1444 121.436
1242 1701 42.2767
1243 1419 41.0563
1244 1768 67.4937
1246 1738 92.2391
1247 1369 50.0407
1247 1679 37.6149
1249 1447 62.9344
1249 1651 55.2188
1252 1694 47.6362
1253 1585 58.4995
1253 1718 63.7423
1254 1633 71.8606
1256 1533 86.6359
1257 1456 32.3624
1258 1459 70.5319
1258 1506 78.5337
1259 1513 24.3545
1259 1778 40.4059
1259 1796 49.8399
1260 1793 112.031
1261 1787 42.368
1262 1670 39.3838
1262 1742 88.586
1263 1347 60.2816
1263 1474 48.4276
1263 1595 58.0656
1264 1519 77.3167
1264 1776 74.1102
1265 1609 87.7932
1267 1269 42.001
1267 1355 128.247
1269 1709 99.8449
1270 1661 107.2
1271 1361 52.1702
1272 1740 78.691
1273 1299 68.2681
1273 1649 63.7439
1274 1435 33.7243
1274 1456 127.31
1274 1570 90.8106
1275 1378 51.526
1275 1615 41.2899
1275 1706 37.4303
1276 1372 83.0983
1277 1341 35.732
1277 1464 47.3477
1279 1660 58.5719
1280 1768 52.573
1281 1576 71.9676
1281 1650 64.9172
1282 1316 35.7098
1282 1584 32.8394
1283 1657 45.8714
1285 1610 52.375
1285 1735 28.5459
1286 1411 32.0815
1287 1322 95.3881
1291 1437 13.7545
1291 1773 100.809
1293 1542 67.8494
1293 1802 53.3118
1294 1386 51.4163
1294 1500 112.762
1295 1607 65.5565
1296 1558 43.3927
1296 1562 75.4369
1298 1561 54.1317
1299 1649 35.1223
1304 1666 56.8681
1305 1497 79.9152
1306 1392 67.4665
1306 1657 42.886
1309 1518 112.765
1310 1647 85.77
1311 1408 73.2203
1312 1324 13.2074
1312 1713 52.723
1313 1362 72.6426
1315 1387 62.7171
1315 1479 47.3227
1316 1326 60.2564
1316 1584 37.3834
1317 1377 109.212
1317 1407 44.2882
1317 1522 76.8612
1317 1573 36.0805
1318 1415 58.2984
1319 1363 51.0521
1319 1763 94.7966
1320 1505 136.953
1321 1336 93.7481
1321 1396 42.4136
1321 1669 57.5468
1321 1692 74.3404
1321 1696 83.789
1322 1359 55.4562
1324 1713 41.1637
1326 1584 28.8201
1327 1332 50.1215
1328 1484 66.2319
1329 1674 49.113
1330 1722 110.78
1331 1690 37.479
1334 1568 79.2102
1334 1580 53.6838
1334 1731 57.0341
1336 1607 71.3933
1336 1692 94.4551
1338 1758 24.477
1339 1389 38.1267
1339 1492 61.4464
1339 1496 80.5315
1340 1664 34.7325
1342 1383 50.6267
1344 1741 76.1524
1347 1472 72.5639
1347 1474 24.5737
1348 1494 66.2463
1348 1582 47.6595
1350 1442 57.4606
1350 1587 104.076
1351 1679 76.504
1351 1729 81.061
1352 1454 50.3277
1352 1725 43.0751
1353 1644 116.798
1355 1399 37.7394
1355 1531 54.8685
1357 1478 21.4909
1358 1748 15.2951
1359 1757 31.2767
1360 1588 131.294
1363 1404 79.9418
1364 1809 99.6773
1365 1657 58.7583
1366 1711 9.04124
1368 1719 44.9582
1369 1439 41.2507
1369 1515 36.3923
1369 1679 100.975
1370 1676 49.411
1371 1517 47.0448
1372 1449 93.638
1373 1427 77.4907
1374 1537 90.9417
1375 1752 49.5906
1377 1522 75.0119
1377 1671 66.5624
1378 1706 8.34392
1381 1637 27.0898
1381 1744 92.3688
1382 1551 34.607
1382 1806 47.2103
1383 1421 55.8275
1384 1426 44.0854
1385 1389 50.5965
1387 1483 50.3021
1389 1492 60.3467
1390 1528 107.973
1394 1477 54.1208
1394 1685 60.5253
1394 1710 11.0985
1394 1807 65.0475
1395 1525 24.1946
1396 1669 27.8012
1396 1692 40.8341
1397 1417 43.7946
1398 1413 41.1942
1398 1461 44.7078
1398 1751 25.5312
1399 1531 20.7686
1400 1471 65.5577
1400 1604 39.0303
1401 1428 34.3002
1403 1635 100.683
1404 1469 43.5827
1404 1507 47.266
1404 1523 106.301
1405 1490 49.8788
1406 1730 97.6816
1407 1573 33.8116
1407 1658 81.6535
1408 1503 51.7304
1412 1732 142.253
1413 1461 42.3116
1413 1751 34.1125
1414 1432 84.937
1422 1497 44.1357
1423 1557 51.8643
1423 1583 76.6691
1425 1546 17.6933
1425 1678 72.7055
1428 1689 46.1976
1429 1785 30.4735
1429 1794 20.1148
1431 1762 48.3714
1434 1589 86.8126
1434 1777 98.0711
1435 1570 53.0132
1438 1627 54.8828
1439 1515 9.54124
1440 1621 83.8114
1441 1505 54.0225
1443 1452 115.893
1443 1529 25.2329
1444 1541 60.9657
1445 1545 47.3955
1446 1611 75.4182
1446 1710 66.6449
1446 1759 88.2744
1447 1651 22.45
1448 1727 57.9056
1450 1462 104.428
1450 1726 112.529
1451 1604 59.8499
1454 1725 83.8665
1457 1482 49.4907
1457 1598 48.1677
1458 1486 85.0732
1461 1751 42.2545
1463 1774 81.6338
1467 1494 48.288
1467 1699 19.3558
1467 1753 57.7835
1469 1507 67.0582
1471 1655 31.934
1473 1513 57.8545
1477 1611 33.8447
1477 1685 41.0185
1477 1710 51.3963
1480 1489 33.7445
1483 1691 104.083
1483 1717 101.768
1484 1774 122.175
1485 1527 34.1043
1487 1749 50.5121
1492 1626 105.6
1493 1572 8.39565
1494 1653 95.3952
1494 1699 30.3031
1499 1543 47.7782
1501 1590 85.0898
1501 1652 15.8392
1502 1770 102.512
1504 1730 45.8491
1506 1798 46.1474
1508 1524 25.0272
1508 1656 36.3411
1508 1808 62.8043
1509 1760 45.8649
1512 1535 27.3443
1514 1593 120.743
1516 1734 40.5577
1521 1646 85.2902
1522 1573 129.778
1522 1671 91.555
1524 1656 36.3951
1527 1767 64.8078
1530 1795 134.071
1532 1548 68.057
1532 1557 93.9766
1534 1618 83.4261
1536 1565 58.5899
1539 1581 69.4827
1542 1723 72.9661
1542 1802 47.018
1546 1678 61.3412
1549 1697 36.8546
1550 1664 31.3291
1551 1806 53.9446
1554 1703 46.888
1556 1693 54.2663
1556 1694 46.9417
1557 1583 79.9333
1558 1562 12.5828
1558 1567 34.559
1559 1772 8.30106
1561 1645 102.21
1562 1567 39.8384
1563 1648 11.4911
1565 1705 88.1085
1566 1672 16.9576
1571 1707 25.6171
1571 1779 27.7258
1573 1658 163.07
1575 1658 103.184
1576 1650 46.5519
1577 1579 115.753
1577 1761 32.7588
1578 1636 38.2827
1579 1607 63.5819
1582 1623 37.7986
1585 1718 42.7388
1586 1628 83.3111
1586 1737 43.0433
1586 1738 51.3672
1586 1766 56.6031
1588 1698 70.8754
1589 1701 96.6693
1590 1603 40.6501
1590 1652 102.297
1591 1702 185.984
1595 1614 47.9015
1599 1712 95.1604
1602 1741 17.5185
1610 1735 27.4179
1611 1710 51.3148
1612 1708 133.866
1613 1742 63.9333
1613 1790 34.1203
1614 1674 53.1583
1619 1674 58.4967
1620 1663 68.2296
1622 1747 66.7188
1622 1795 100.264
1624 1754 60.4243
1625 1662 48.0182
1628 1766 77.8723
1630 1660 51.3021
1634 1765 43.0414
1636 1786 48.282
1637 1744 50.2344
1639 1726 51.4529
1642 1654 86.4765
1642 1686 70.1733
1644 1686 95.1476
1645 1803 65.5621
1646 1775 10.7266
1647 1791 80.1463
1665 1771 21.148
1669 1692 11.5597
1670 1740 106.94
1671 1756 113.589
1672 1733 68.1692
1673 1698 144.373
1673 1700 28.1327
1673 1778 59.0042
1673 1796 63.5189
1685 1710 67.798
1687 1715 79.4339
1691 1717 15.738
1693 1694 34.4813
1699 1753 56.0811
1700 1778 21.9855
1700 1796 20.0224
1714 1747 88.441
1721 1758 77.8456
1723 1802 67.0787
1737 1738 35.9733
1742 1790 62.382
1759 1788 75.6651
1763 1799 106.579
1778 1796 25.7696
1785 1794 23.4858
